 0.000051449 0 0 0  A
 0.028913003 0 0 1  A
 0.043692847 0 0 2  A
 0.059918783 0 0 3  A
 0.059918879 0 0 0  A
 0.074898799 0 0 1  A
 0.074898895 0 0 2  A
 0.085781366 0 0 3  A
 0.085781504 0 0 0  A
 0.125463293 0 0 1  A
 0.155340559 0 0 2  A
 0.184254660 0 0 3  A
 0.184254873 0 0 0  A
 0.198181816 0 0 1  A
 0.200483760 0 0 2  A
 0.237978768 0 0 3  A
 0.237978896 0 0 0  A
 0.280757571 0 0 1  A
 0.280757646 0 0 2  A
 0.301054108 0 0 3  A
 0.301054279 0 0 0  A
 0.312964709 0 0 1  A
 0.338580764 0 0 2  A
 0.365260716 0 0 3  A
 0.365260897 0 0 0  A
 0.412358063 0 0 1  A
 0.412358234 0 0 2  A
 0.437967276 0 0 3  A
 0.437967372 0 0 0  A
 0.472288533 0 0 1  A
 0.485144417 0 0 2  A
 0.499056685 0 0 3  A
 0.499056759 0 0 0  A
 0.517222945 0 0 1  A
 0.517223126 0 0 2  A
 0.546122282 0 0 3  A
 0.546122441 0 0 0  A
 0.592146459 0 0 1  A
 0.592146619 0 0 2  A
 0.617566002 0 0 3  A
 0.617566140 0 0 0  A
 0.641059798 0 0 1  A
 0.646555570 0 0 2  A
 0.688123711 0 0 3  A
 0.688123913 0 0 0  A
 0.713865687 0 0 1  A
 0.713865772 0 0 2  A
 0.739598401 0 0 3  A
 0.739598529 0 0 0  A
 0.775981646 0 0 1  A
 0.775982371 0 0 2  A
 0.800739854 0 0 3  A
 0.800740067 0 0 0  A
 0.845688702 0 0 1  A
 0.845689416 0 0 2  A
 0.872612130 0 0 3  A
 0.872612194 0 0 0  A
 0.893981014 0 0 1  A
 0.901536644 0 0 2  A
 0.921831859 0 0 3  A
 0.921832008 0 0 0  A
 0.970065609 0 0 1  A
 0.970065769 0 0 2  A
 0.992545525 0 0 3  A
 0.992545664 0 0 0  A
 1.021540865 0 0 1  A
 1.021541024 0 0 2  A
 1.038643072 0 0 3  A
 1.038646939 0 0 0  A
 1.080328087 0 0 1  A
 1.093185623 0 0 2  A
 1.141126878 0 0 3  A
 1.141126964 0 0 0  A
 1.161583856 0 0 1  A
 1.180826099 0 0 2  A
 1.218873699 0 0 3  A
 1.218873912 0 0 0  A
 1.230115281 0 0 1  A
 1.268495132 0 0 2  A
 1.311247159 0 0 3  A
 1.311247287 0 0 0  A
 1.342558031 0 0 1  A
 1.342558117 0 0 2  A
 1.362057060 0 0 3  A
 1.362057252 0 0 0  A
 1.405825784 0 0 1  A
 1.405825944 0 0 2  A
 1.433586722 0 0 3  A
 1.433586817 0 0 0  A
 1.445373344 0 0 1  A
 1.445373504 0 0 2  A
 1.461625628 0 0 3  A
 1.461625905 0 0 0  A
 0.000027940 1 1 0  B
 0.023429459 1 1 1  B
 0.023441293 1 1 2  B
 0.043692387 1 1 3  B
 0.043692770 1 1 0  B
 0.080380521 1 1 1  B
 0.085781673 1 1 2  B
 0.101822831 1 1 3  B
 0.101822917 1 1 0  B
 0.117863565 1 1 1  B
 0.117863629 1 1 2  B
 0.155340178 1 1 3  B
 0.155340412 1 1 0  B
 0.169266462 1 1 1  B
 0.184255116 1 1 2  B
 0.200483411 1 1 3  B
 0.200483538 1 1 0  B
 0.229292883 1 1 1  B
 0.237979160 1 1 2  B
 0.268932887 1 1 3  B
 0.268932983 1 1 0  B
 0.304335378 1 1 1  B
 0.304335453 1 1 2  B
 0.338580431 1 1 3  B
 0.338580570 1 1 0  B
 0.382397149 1 1 1  B
 0.382397308 1 1 2  B
 0.398441237 1 1 3  B
 0.398441472 1 1 0  B
 0.442388802 1 1 1  B
 0.442388898 1 1 2  B
 0.485144142 1 1 3  B
 0.485144280 1 1 0  B
 0.521566605 1 1 1  B
 0.546122631 1 1 2  B
 0.587695524 1 1 3  B
 0.587695705 1 1 0  B
 0.610021230 1 1 1  B
 0.617566366 1 1 2  B
 0.646555259 1 1 3  B
 0.646555387 1 1 0  B
 0.659310730 1 1 1  B
 0.688124177 1 1 2  B
 0.700975598 1 1 3  B
 0.700975864 1 1 0  B
 0.738443283 1 1 1  B
 0.739598622 1 1 2  B
 0.751393515 1 1 3  B
 0.751393611 1 1 0  B
 0.781501033 1 1 1  B
 0.800740357 1 1 2  B
 0.831662843 1 1 3  B
 0.831663035 1 1 0  B
 0.855500622 1 1 1  B
 0.872612809 1 1 2  B
 0.901536316 1 1 3  B
 0.901536443 1 1 0  B
 0.934799729 1 1 1  B
 0.934799835 1 1 2  B
 0.952966885 1 1 3  B
 0.952967045 1 1 0  B
 0.992520385 1 1 1  B
 0.992545736 1 1 2  B
 1.012843605 1 1 3  B
 1.012843690 1 1 0  B
 1.057874515 1 1 1  B
 1.057874675 1 1 2  B
 1.093183750 1 1 3  B
 1.093185305 1 1 0  B
 1.142316069 1 1 1  B
 1.142316208 1 1 2  B
 1.180825696 1 1 3  B
 1.180825856 1 1 0  B
 1.196876622 1 1 1  B
 1.218874087 1 1 2  B
 1.268494484 1 1 3  B
 1.268494697 1 1 0  B
 1.299432998 1 1 1  B
 1.311247434 1 1 2  B
 1.325294699 1 1 3  B
 1.325294795 1 1 0  B
 1.347005047 1 1 1  B
 1.362057474 1 1 2  B
 1.405742278 1 1 3  B
 1.405742438 1 1 0  B
 1.449825622 1 1 1  B
 1.461626073 1 1 2  B
 1.502168031 1 1 3  B
 1.502168212 1 1 0  B
-1 2 2 4 LOCAL_SECTION;ENTRY_PROTOCOL;CRITICAL_SECTION;EXIT_PROTOCOL;EXTRA_LABEL;
