0.000000 9 9 0 J
0.000000 0 0 0 A
0.000000 4 4 0 E
0.000000 7 7 0 H
0.000000 5 5 0 F
0.000000 1 1 0 B
0.000000 8 8 0 I
0.000000 2 2 0 C
0.000000 3 3 0 D
0.000000 6 6 0 G
0.017243 1 1 1 B
0.019499 6 6 1 G
0.019599 3 3 1 D
0.023246 1 1 3 B
0.028340 1 1 2 B
0.029237 6 6 3 G
0.030672 2 2 1 C
0.034199 0 0 1 A
0.034300 6 6 2 G
0.034432 9 9 1 J
0.035601 3 3 3 D
0.041745 3 3 2 D
0.041864 9 9 3 J
0.041925 8 8 1 I
0.047722 9 9 2 J
0.047726 2 2 3 C
0.049124 7 7 1 H
0.052889 2 2 2 C
0.054076 8 8 3 I
0.054185 5 5 1 F
0.056213 4 4 1 E
0.059589 8 8 2 I
0.059694 5 5 3 F
0.065841 5 5 2 F
0.065895 7 7 3 H
0.071893 7 7 2 H
0.071998 0 0 3 A
0.078045 0 0 2 A
0.078142 4 4 3 E
0.083715 4 4 4 E
0.084895 6 6 4 G
0.085025 0 0 4 A
0.084977 5 5 4 F
0.084984 1 1 4 B
0.085001 7 7 4 H
0.084986 2 2 4 C
0.084998 8 8 4 I
0.085073 9 9 4 J
0.085005 3 3 4 D
0.091257 0 0 5 A
0.113941 0 0 6 A
0.119905 0 0 0 A
0.120925 1 1 5 B
0.146313 0 0 1 A
0.160174 1 1 6 B
0.166006 1 1 0 B
0.166055 2 2 5 C
0.183661 2 2 6 C
0.189484 2 2 0 C
0.189569 3 3 5 D
0.196427 1 1 1 B
0.220011 2 2 1 C
0.235716 3 3 6 D
0.241842 3 3 0 D
0.241960 4 4 5 E
0.280371 3 3 1 D
0.290118 4 4 6 E
0.296165 4 4 0 E
0.297254 5 5 5 F
0.327857 4 4 1 E
0.351301 5 5 6 F
0.357118 5 5 0 F
0.358084 6 6 5 G
0.382322 6 6 6 G
0.388230 6 6 0 G
0.388303 7 7 5 H
0.409407 7 7 6 H
0.410601 5 5 1 F
0.415623 7 7 0 H
0.415685 8 8 5 I
0.434910 6 6 1 G
0.445258 8 8 6 I
0.451167 8 8 0 I
0.451339 9 9 5 J
0.471417 7 7 1 H
0.485769 9 9 6 J
0.491840 9 9 0 J
0.491810 3 3 3 D
0.497710 3 3 2 D
0.497740 6 6 3 G
0.503695 6 6 2 G
0.503770 7 7 3 H
0.507154 8 8 1 I
0.509754 7 7 2 H
0.509766 2 2 3 C
0.515709 2 2 2 C
0.515830 0 0 3 A
0.519447 9 9 1 J
0.521813 1 1 3 B
0.521967 0 0 2 A
0.527600 1 1 2 B
0.527624 8 8 3 I
0.533410 8 8 2 I
0.533511 4 4 3 E
0.539463 4 4 2 E
0.539473 5 5 3 F
0.545419 5 5 2 F
0.545571 9 9 3 J
0.551223 3 3 4 D
0.551270 6 6 4 G
0.551347 7 7 4 H
0.551433 9 9 4 J
0.551445 0 0 4 A
0.552465 8 8 4 I
0.552553 4 4 4 E
0.552521 5 5 4 F
0.552527 1 1 4 B
0.552551 2 2 4 C
0.557670 0 0 5 A
0.576479 0 0 6 A
0.582454 0 0 0 A
0.583455 1 1 5 B
0.616786 0 0 1 A
0.622446 1 1 6 B
0.628272 1 1 0 B
0.628348 2 2 5 C
0.659761 1 1 1 B
0.676857 2 2 6 C
0.683020 2 2 0 C
0.683112 3 3 5 D
0.716116 3 3 6 D
0.721772 3 3 0 D
0.723232 4 4 5 E
0.738608 2 2 1 C
0.766927 4 4 6 E
0.773115 4 4 0 E
0.774150 5 5 5 F
0.774213 3 3 1 D
0.795265 5 5 6 F
0.801286 5 5 0 F
0.801308 6 6 5 G
0.822426 5 5 1 F
0.828300 6 6 6 G
0.828462 4 4 1 E
0.834156 6 6 0 G
0.834230 7 7 5 H
0.866418 6 6 1 G
0.886152 7 7 6 H
0.892195 7 7 0 H
0.892261 8 8 5 I
0.927887 8 8 6 I
0.933569 8 8 0 I
0.933699 9 9 5 J
0.933663 7 7 1 H
0.952347 9 9 6 J
0.958169 9 9 0 J
0.958166 7 7 3 H
0.964232 7 7 2 H
0.965142 2 2 3 C
0.971153 5 5 3 F
0.971219 2 2 2 C
0.977190 5 5 2 F
0.977199 6 6 3 G
0.981921 8 8 1 I
0.983224 6 6 2 G
0.983353 0 0 3 A
0.989267 0 0 2 A
0.989288 4 4 3 E
0.995153 4 4 2 E
0.995133 8 8 3 I
1.001338 1 1 3 B
1.001386 8 8 2 I
1.007403 3 3 3 D
1.007476 1 1 2 B
1.012319 9 9 1 J
1.013632 3 3 2 D
1.018524 9 9 3 J
1.024011 3 3 4 D
1.024152 9 9 4 J
1.024085 2 2 4 C
1.024097 8 8 4 I
1.024129 7 7 4 H
1.024130 1 1 4 B
1.025292 4 4 4 E
1.025287 5 5 4 F
1.025267 6 6 4 G
1.025391 0 0 4 A
1.031391 0 0 5 A
1.053405 0 0 6 A
1.059525 0 0 0 A
1.060697 1 1 5 B
1.079458 1 1 6 B
1.084526 1 1 0 B
1.085789 2 2 5 C
1.088225 0 0 1 A
1.105893 1 1 1 B
1.132335 2 2 6 C
1.138283 2 2 0 C
1.139317 3 3 5 D
1.163613 3 3 6 D
1.169435 3 3 0 D
1.169538 4 4 5 E
1.188847 2 2 1 C
1.216076 4 4 6 E
1.218489 3 3 1 D
1.222365 5 5 5 F
1.222452 4 4 0 E
1.273758 5 5 6 F
1.278290 4 4 1 E
1.279693 5 5 0 F
1.281080 6 6 5 G
1.305544 6 6 6 G
1.311365 6 6 0 G
1.312693 7 7 5 H
1.334479 5 5 1 F
1.338045 7 7 6 H
1.343682 7 7 0 H
1.343704 8 8 5 I
1.359828 6 6 1 G
1.374955 7 7 1 H
1.398778 8 8 6 I
1.404560 8 8 0 I
1.404746 9 9 5 J
1.427430 9 9 6 J
1.433331 9 9 0 J
1.433312 5 5 3 F
1.439253 5 5 2 F
1.439261 6 6 3 G
1.445328 6 6 2 G
1.445429 3 3 3 D
1.451354 3 3 2 D
1.451471 7 7 3 H
1.452418 8 8 1 I
1.457365 7 7 2 H
1.457430 2 2 3 C
1.463356 2 2 2 C
1.463590 4 4 3 E
1.469700 4 4 2 E
1.470737 1 1 3 B
1.476622 1 1 2 B
1.476738 0 0 3 A
1.480606 9 9 1 J
1.481862 0 0 2 A
1.482966 8 8 3 I
1.489096 8 8 2 I
1.490468 9 9 3 J
1.495901 8 8 4 I
1.496031 9 9 4 J
1.495981 1 1 4 B
1.497126 2 2 4 C
1.497242 5 5 4 F
1.497331 0 0 4 A
1.497286 7 7 4 H
1.497260 6 6 4 G
1.497344 4 4 4 E
1.497289 3 3 4 D
1.503402 0 0 5 A
1.541231 0 0 6 A
1.546882 0 0 0 A
1.548079 1 1 5 B
1.598104 1 1 6 B
1.598206 0 0 1 A
1.603190 1 1 0 B
1.604327 2 2 5 C
1.643170 1 1 1 B
1.643243 2 2 6 C
1.649237 2 2 0 C
1.650268 3 3 5 D
1.688251 3 3 6 D
1.693438 4 4 5 E
1.693430 3 3 0 D
1.695459 2 2 1 C
1.712311 4 4 6 E
1.718393 4 4 0 E
1.718388 5 5 5 F
1.720727 3 3 1 D
1.752269 5 5 6 F
1.758332 5 5 0 F
1.758341 6 6 5 G
1.763169 4 4 1 E
1.782044 6 6 6 G
1.788317 5 5 1 F
1.788342 6 6 0 G
1.788392 7 7 5 H
1.812751 6 6 1 G
1.832697 7 7 6 H
1.838677 7 7 0 H
1.838696 8 8 5 I
1.865701 8 8 6 I
1.871761 8 8 0 I
1.871986 9 9 5 J
1.873318 7 7 1 H
1.902706 9 9 6 J
1.906085 8 8 1 I
1.908741 9 9 0 J
1.908782 0 0 3 A
1.914767 0 0 2 A
1.914765 7 7 3 H
1.920668 7 7 2 H
1.920702 1 1 3 B
1.926667 1 1 2 B
1.926688 2 2 3 C
1.932701 2 2 2 C
1.932787 3 3 3 D
1.938397 3 3 2 D
1.939631 8 8 3 I
1.945464 8 8 2 I
1.945504 6 6 3 G
1.945632 9 9 1 J
1.951258 6 6 2 G
1.951327 5 5 3 F
1.957183 5 5 2 F
1.957263 4 4 3 E
1.963030 4 4 2 E
1.963157 9 9 3 J
1.968807 7 7 4 H
1.968917 9 9 4 J
1.968849 2 2 4 C
1.968951 0 0 4 A
1.970070 1 1 4 B
1.970159 3 3 4 D
1.970191 8 8 4 I
1.970262 4 4 4 E
1.970199 6 6 4 G
1.970238 5 5 4 F
1.974962 0 0 5 A
1.991307 0 0 6 A
1.997328 0 0 0 A
1.997361 1 1 5 B
2.015556 0 0 1 A
2.031996 1 1 6 B
2.038190 2 2 5 C
2.038250 1 1 0 B
2.090244 2 2 6 C
2.090313 1 1 1 B
2.096337 2 2 0 C
2.096426 3 3 5 D
2.123342 2 2 1 C
2.132584 3 3 6 D
2.138292 3 3 0 D
2.138412 4 4 5 E
2.179449 4 4 6 E
2.185319 4 4 0 E
2.185316 5 5 5 F
2.188830 3 3 1 D
2.206173 5 5 6 F
2.211972 5 5 0 F
2.211979 6 6 5 G
2.217839 4 4 1 E
2.239893 5 5 1 F
2.252699 6 6 6 G
2.258567 6 6 0 G
2.258656 7 7 5 H
2.284886 7 7 6 H
2.287224 6 6 1 G
2.290877 7 7 0 H
2.290894 8 8 5 I
2.312070 8 8 6 I
2.318071 8 8 0 I
2.318203 9 9 5 J
2.325405 7 7 1 H
2.340610 9 9 6 J
2.346782 9 9 0 J
2.346752 2 2 3 C
2.352481 2 2 2 C
2.352549 1 1 3 B
2.357861 1 1 2 B
2.358938 3 3 3 D
2.364358 3 3 2 D
2.365480 5 5 3 F
2.369094 9 9 1 J
2.370239 8 8 1 I
2.371411 6 6 3 G
2.371520 5 5 2 F
2.377225 6 6 2 G
2.377351 9 9 3 J
2.383185 9 9 2 J
2.383201 8 8 3 I
2.389175 8 8 2 I
2.389235 7 7 3 H
2.395073 7 7 2 H
2.396211 0 0 3 A
2.402023 0 0 2 A
2.402109 4 4 3 E
2.407771 3 3 4 D
2.407891 4 4 4 E
2.407857 1 1 4 B
2.407850 2 2 4 C
2.407862 8 8 4 I
2.407889 5 5 4 F
2.409152 9 9 4 J
2.409101 6 6 4 G
2.409203 0 0 4 A
2.409188 7 7 4 H
2.415011 0 0 5 A
2.469367 0 0 6 A
2.475234 0 0 0 A
2.476344 1 1 5 B
2.524507 0 0 1 A
2.528032 1 1 6 B
2.533872 1 1 0 B
2.533894 2 2 5 C
2.569099 1 1 1 B
2.572713 2 2 6 C
2.578842 2 2 0 C
2.578927 3 3 5 D
2.603309 2 2 1 C
2.613694 3 3 6 D
2.619562 3 3 0 D
2.621001 4 4 5 E
2.643110 3 3 1 D
2.671950 4 4 6 E
2.677632 4 4 0 E
2.679098 5 5 5 F
2.726007 5 5 6 F
2.732206 5 5 0 F
2.732263 6 6 5 G
2.733266 4 4 1 E
2.764658 5 5 1 F
2.779137 6 6 6 G
2.785092 6 6 0 G
2.786209 7 7 5 H
2.802851 6 6 1 G
2.823794 7 7 6 H
2.829730 7 7 0 H
2.829746 8 8 5 I
2.854468 7 7 1 H
2.885648 8 8 6 I
2.891633 8 8 0 I
2.891766 9 9 5 J
2.923128 9 9 6 J
2.927930 8 8 1 I
2.929251 2 2 3 C
2.929409 9 9 0 J
2.935183 2 2 2 C
2.935210 6 6 3 G
2.941077 6 6 2 G
2.942397 7 7 3 H
2.948121 7 7 2 H
2.948134 3 3 3 D
2.948254 9 9 1 J
2.953963 3 3 2 D
2.954019 1 1 3 B
2.959843 1 1 2 B
2.959959 0 0 3 A
2.965795 0 0 2 A
2.965827 4 4 3 E
2.971694 4 4 2 E
2.971703 5 5 3 F
2.977529 5 5 2 F
2.977564 8 8 3 I
2.983584 8 8 2 I
2.983757 9 9 3 J
2.989268 6 6 4 G
2.989417 9 9 4 J
2.989346 3 3 4 D
2.989374 1 1 4 B
2.989429 4 4 4 E
2.989395 5 5 4 F
2.989373 2 2 4 C
2.989466 0 0 4 A
2.990574 8 8 4 I
2.990689 7 7 4 H
2.994534 0 0 5 A
3.032137 0 0 6 A
3.038223 0 0 0 A
3.038199 1 1 5 B
3.061934 0 0 1 A
3.069141 1 1 6 B
3.075135 2 2 5 C
3.075195 1 1 0 B
3.095215 1 1 1 B
3.105845 2 2 6 C
3.111825 2 2 0 C
3.111877 3 3 5 D
3.132066 3 3 6 D
3.137717 3 3 0 D
3.137906 4 4 5 E
3.148247 2 2 1 C
3.164059 3 3 1 D
3.178413 4 4 6 E
3.184407 4 4 0 E
3.184552 5 5 5 F
3.204635 5 5 6 F
3.210490 5 5 0 F
3.211833 6 6 5 G
3.213261 4 4 1 E
3.243169 5 5 1 F
3.245739 6 6 6 G
3.251694 6 6 0 G
3.251769 7 7 5 H
3.276292 6 6 1 G
3.289363 7 7 6 H
3.295346 7 7 0 H
3.295418 8 8 5 I
3.325613 7 7 1 H
3.343921 8 8 6 I
3.349792 8 8 0 I
3.349970 9 9 5 J
3.382266 8 8 1 I
3.404900 9 9 6 J
3.410759 9 9 0 J
3.410772 4 4 3 E
3.416610 4 4 2 E
3.416655 0 0 3 A
3.422404 0 0 2 A
3.422342 2 2 3 C
3.428231 2 2 2 C
3.428271 1 1 3 B
3.434145 1 1 2 B
3.434147 6 6 3 G
3.440241 6 6 2 G
3.440315 7 7 3 H
3.441734 9 9 1 J
3.445363 7 7 2 H
3.446618 3 3 3 D
3.452736 3 3 2 D
3.452808 5 5 3 F
3.458717 5 5 2 F
3.458740 8 8 3 I
3.464691 8 8 2 I
3.465862 9 9 3 J
3.471280 7 7 4 H
3.471310 3 3 4 D
3.471343 5 5 4 F
3.471334 8 8 4 I
3.471406 4 4 4 E
3.471433 9 9 4 J
3.471428 0 0 4 A
3.471380 1 1 4 B
3.471368 2 2 4 C
3.472670 6 6 4 G
3.477786 0 0 5 A
3.519850 0 0 6 A
3.525791 0 0 0 A
3.526812 1 1 5 B
3.552625 1 1 6 B
3.554883 0 0 1 A
3.558610 1 1 0 B
3.558743 2 2 5 C
3.580465 1 1 1 B
3.585410 2 2 6 C
3.591386 2 2 0 C
3.591442 3 3 5 D
3.610203 2 2 1 C
3.631248 3 3 6 D
3.637398 4 4 5 E
3.637378 3 3 0 D
3.670421 4 4 6 E
3.676347 4 4 0 E
3.677635 5 5 5 F
3.683660 3 3 1 D
3.721304 5 5 6 F
3.722702 4 4 1 E
3.726371 6 6 5 G
3.726457 5 5 0 F
3.749756 5 5 1 F
3.749898 6 6 6 G
3.755891 6 6 0 G
3.757014 7 7 5 H
3.778087 7 7 6 H
3.784423 8 8 5 I
3.784502 7 7 0 H
3.809239 6 6 1 G
3.828619 8 8 6 I
3.832313 7 7 1 H
3.834643 8 8 0 I
3.834807 9 9 5 J
3.852559 9 9 6 J
3.858725 9 9 0 J
3.858721 5 5 3 F
3.864617 5 5 2 F
3.864721 0 0 3 A
3.870689 0 0 2 A
3.870647 2 2 3 C
3.873059 8 8 1 I
3.876277 2 2 2 C
3.876378 4 4 3 E
3.882218 4 4 2 E
3.882182 6 6 3 G
3.887979 6 6 2 G
3.888045 3 3 3 D
3.893955 3 3 2 D
3.894077 7 7 3 H
3.900192 7 7 2 H
3.901188 1 1 3 B
3.907012 8 8 3 I
3.907121 1 1 2 B
3.911910 9 9 1 J
3.912918 8 8 2 I
3.917800 9 9 3 J
3.923197 5 5 4 F
3.923296 9 9 4 J
3.923226 3 3 4 D
3.923300 4 4 4 E
3.923263 1 1 4 B
3.923254 2 2 4 C
3.923354 0 0 4 A
3.924428 8 8 4 I
3.924454 6 6 4 G
3.924499 7 7 4 H
3.929440 0 0 5 A
3.952750 0 0 6 A
3.958689 0 0 0 A
3.958664 1 1 5 B
3.977851 0 0 1 A
3.983611 1 1 6 B
3.989612 1 1 0 B
3.989633 2 2 5 C
4.024702 2 2 6 C
4.030849 2 2 0 C
4.030890 3 3 5 D
4.033328 1 1 1 B
4.052325 2 2 1 C
4.066599 3 3 6 D
4.072585 3 3 0 D
4.073734 4 4 5 E
4.102631 4 4 6 E
4.108443 4 4 0 E
4.108485 5 5 5 F
4.127255 3 3 1 D
4.160082 4 4 1 E
4.164455 5 5 6 F
4.170288 5 5 0 F
4.171452 6 6 5 G
4.190334 6 6 6 G
4.196234 6 6 0 G
4.196309 7 7 5 H
4.208340 5 5 1 F
4.214241 7 7 6 H
4.220200 7 7 0 H
4.220216 8 8 5 I
4.237812 6 6 1 G
4.268404 7 7 1 H
4.275503 8 8 6 I
4.281675 8 8 0 I
4.281804 9 9 5 J
4.306296 8 8 1 I
4.330947 9 9 6 J
4.336944 9 9 0 J
4.336997 0 0 3 A
4.342888 1 1 3 B
4.342982 0 0 2 A
4.348772 1 1 2 B
4.348920 6 6 3 G
4.355006 6 6 2 G
4.356124 8 8 3 I
4.362199 8 8 2 I
4.362297 4 4 3 E
4.368163 4 4 2 E
4.368136 2 2 3 C
4.374130 9 9 1 J
4.374108 2 2 2 C
4.374137 7 7 3 H
4.379661 7 7 2 H
4.381099 3 3 3 D
4.387017 3 3 2 D
4.387164 9 9 3 J
4.393046 9 9 2 J
4.394248 5 5 3 F
4.399722 0 0 4 A
4.399697 5 5 4 F
4.399695 2 2 4 C
4.400765 8 8 4 I
4.400852 9 9 4 J
4.400800 7 7 4 H
4.400766 6 6 4 G
4.400842 4 4 4 E
4.400778 3 3 4 D
4.400798 1 1 4 B
4.405192 0 0 5 A
4.432637 0 0 6 A
4.438562 0 0 0 A
4.439839 1 1 5 B
4.486954 1 1 6 B
4.492728 0 0 1 A
4.492702 1 1 0 B
4.493874 2 2 5 C
4.527138 1 1 1 B
4.540048 2 2 6 C
4.545905 2 2 0 C
4.547103 3 3 5 D
4.565604 3 3 6 D
4.566683 2 2 1 C
4.571614 3 3 0 D
4.571722 4 4 5 E
4.591185 4 4 6 E
4.596652 4 4 0 E
4.596617 5 5 5 F
4.625161 4 4 1 E
4.636530 5 5 6 F
4.642344 5 5 0 F
4.642332 6 6 5 G
4.665556 6 6 6 G
4.671591 6 6 0 G
4.671668 7 7 5 H
4.714839 7 7 6 H
4.720985 7 7 0 H
4.721002 8 8 5 I
4.725714 6 6 1 G
4.756494 8 8 6 I
4.761428 7 7 1 H
4.762463 8 8 0 I
4.763982 9 9 5 J
4.781254 8 8 1 I
4.783955 9 9 6 J
4.789930 9 9 0 J
4.789952 4 4 3 E
4.795892 4 4 2 E
4.795869 6 6 3 G
4.801878 6 6 2 G
4.801958 1 1 3 B
4.807921 1 1 2 B
4.807980 7 7 3 H
4.814085 7 7 2 H
4.814151 8 8 3 I
4.816338 9 9 1 J
4.820075 8 8 2 I
4.821496 0 0 3 A
4.827461 0 0 2 A
4.827421 2 2 3 C
4.833366 2 2 2 C
4.834504 9 9 3 J
4.840167 8 8 4 I
4.840267 2 2 4 C
4.840379 9 9 4 J
4.840373 4 4 4 E
4.840309 6 6 4 G
4.840345 1 1 4 B
4.840419 0 0 4 A
4.841727 7 7 4 H
4.846642 0 0 5 A
4.893261 0 0 6 A
4.899089 0 0 0 A
4.899108 1 1 5 B
4.923102 1 1 6 B
4.928779 1 1 0 B
4.928832 2 2 5 C
4.938524 0 0 1 A
4.979102 2 2 6 C
4.984063 1 1 1 B
4.985202 2 2 0 C
4.985327 4 4 5 E
5.035723 4 4 6 E
5.041759 4 4 0 E
5.041773 6 6 5 G
5.063771 6 6 6 G
5.068915 4 4 1 E
5.068928 6 6 0 G
5.070131 7 7 5 H
5.099178 6 6 1 G
5.109880 7 7 6 H
5.115955 7 7 0 H
5.116014 8 8 5 I
5.143394 8 8 6 I
5.149336 8 8 0 I
5.149498 9 9 5 J
5.162359 7 7 1 H
5.180922 8 8 1 I
5.181085 9 9 6 J
5.187166 9 9 0 J
5.187167 7 7 3 H
5.192224 7 7 2 H
5.193521 1 1 3 B
5.199407 1 1 2 B
5.200530 0 0 3 A
5.206352 0 0 2 A
5.206303 6 6 3 G
5.212254 6 6 2 G
5.212354 8 8 3 I
5.218393 8 8 2 I
5.219515 4 4 3 E
5.221898 9 9 1 J
5.225330 4 4 2 E
5.227711 9 9 3 J
5.233181 1 1 4 B
5.233226 8 8 4 I
5.233264 7 7 4 H
5.233334 9 9 4 J
5.233257 6 6 4 G
5.233341 0 0 4 A
5.234463 4 4 4 E
5.239336 0 0 5 A
5.279424 0 0 6 A
5.285414 0 0 0 A
5.286413 1 1 5 B
5.331288 1 1 6 B
5.337152 1 1 0 B
5.337282 4 4 5 E
5.361623 4 4 6 E
5.367662 4 4 0 E
5.367674 6 6 5 G
5.394212 4 4 1 E
5.409459 6 6 6 G
5.415010 6 6 0 G
5.416122 7 7 5 H
5.444147 6 6 1 G
5.449610 7 7 6 H
5.455185 7 7 0 H
5.456241 8 8 5 I
5.496234 8 8 6 I
5.502124 8 8 0 I
5.502280 9 9 5 J
5.526738 8 8 1 I
5.528047 9 9 6 J
5.534025 9 9 0 J
5.533996 6 6 3 G
5.540253 4 4 3 E
5.540271 6 6 2 G
5.545376 4 4 2 E
5.546516 8 8 3 I
5.552068 8 8 4 I
5.553214 6 6 4 G
5.553378 4 4 4 E
5.559319 4 4 5 E
5.573451 9 9 1 J
5.606507 4 4 6 E
5.612205 4 4 0 E
5.612175 6 6 5 G
5.641443 4 4 1 E
5.647142 6 6 6 G
5.652955 6 6 0 G
5.653088 8 8 5 I
5.687299 8 8 6 I
5.693270 8 8 0 I
5.693434 9 9 3 J
5.698873 4 4 3 E
5.698949 9 9 2 J
5.704218 9 9 4 J
5.704260 4 4 4 E
5.710047 4 4 5 E
5.726758 8 8 1 I
5.732642 4 4 6 E
5.738452 4 4 0 E
5.739753 9 9 5 J
5.786855 9 9 6 J
5.791301 4 4 1 E
5.792514 9 9 0 J
5.793649 8 8 3 I
5.799259 8 8 2 I
5.800669 4 4 3 E
5.806147 8 8 4 I
5.806299 4 4 4 E
5.809704 9 9 1 J
5.812052 4 4 5 E
5.852316 4 4 6 E
5.858317 4 4 0 E
5.859501 8 8 5 I
5.909571 8 8 6 I
5.915241 8 8 0 I
5.916502 9 9 3 J
5.921898 9 9 4 J
5.927121 9 9 5 J
5.943957 8 8 1 I
5.947567 9 9 6 J
5.952826 9 9 0 J
5.952804 8 8 3 I
5.958144 8 8 4 I
5.963343 8 8 5 I
5.999491 9 9 1 J
6.000693 8 8 6 I
6.006000 8 8 0 I
6.006168 9 9 3 J
6.011426 9 9 4 J
6.016779 9 9 5 J
6.070609 9 9 6 J
6.075988 9 9 0 J
-1 10 10 7 Local_Section;Entry_Protocol_1;Entry_Protocol_2;Entry_Protocol_3;Entry_Protocol_4;Critical_Section;Exit_Protocol EXTRA_LABEL;
