 0.010673875  1  1  0  B
 0.040714521  1  1  1  B
 0.081510335  1  1  2  B
 0.099028326  1  1  3  B
 0.099029295  1  1  0  B
 0.121374676  1  1  1  B
 0.127885641  1  1  2  B
 0.180829624  1  1  3  B
 0.180830358  1  1  0  B
 0.215731347  1  1  1  B
 0.238266695  1  1  2  B
 0.268244173  1  1  3  B
 0.268245600  1  1  0  B
 0.317093028  1  1  1  B
 0.317093827  1  1  2  B
 0.331728612  1  1  3  B
 0.331729155  1  1  0  B
 0.367365700  1  1  1  B
 0.368127531  1  1  2  B
 0.397856436  1  1  3  B
 0.397856947  1  1  0  B
 0.408592587  1  1  1  B
 0.408593300  1  1  2  B
 0.453586537  1  1  3  B
 0.453587516  1  1  0  B
 0.481461927  1  1  1  B
 0.484391481  1  1  2  B
 0.513082507  1  1  3  B
 0.513083114  1  1  0  B
 0.543791081  1  1  1  B
 0.543791848  1  1  2  B
 0.576307072  1  1  3  B
 0.576308542  1  1  0  B
 0.620989593  1  1  1  B
 0.638362890  1  1  2  B
 0.650117089  1  1  3  B
 0.650117632  1  1  0  B
 0.665846891  1  1  1  B
 0.665847594  1  1  2  B
 0.684201784  1  1  3  B
 0.684202753  1  1  0  B
 0.701778679  1  1  1  B
 0.730775348  1  1  2  B
 0.763437920  1  1  3  B
 0.763438452  1  1  0  B
 0.804969983  1  1  1  B
 0.811319376  1  1  2  B
 0.827333695  1  1  3  B
 0.827334121  1  1  0  B
 0.875842770  1  1  1  B
 0.887075384  1  1  2  B
 0.928897417  1  1  3  B
 0.928897992  1  1  0  B
 0.975544478  1  1  1  B
 0.975545288  1  1  2  B
 1.006602989  1  1  3  B
 1.006603500  1  1  0  B
 1.036974233  1  1  1  B
 1.036974946  1  1  2  B
 1.049165799  1  1  3  B
 1.049166310  1  1  0  B
 0.010627994  0  0  0  A
 0.033770042  0  0  1  A
 0.033770841  0  0  2  A
 0.081507234  0  0  3  A
 0.081509236  0  0  0  A
 0.095243452  0  0  1  A
 0.099030197  0  0  2  A
 0.127883369  0  0  3  A
 0.127884328  0  0  0  A
 0.181094402  0  0  1  A
 0.181095222  0  0  2  A
 0.196047421  0  0  3  A
 0.196047890  0  0  0  A
 0.214822904  0  0  1  A
 0.214823628  0  0  2  A
 0.238265168  0  0  3  A
 0.238265733  0  0  0  A
 0.256542293  0  0  1  A
 0.268245788  0  0  2  A
 0.314415654  0  0  3  A
 0.314416207  0  0  0  A
 0.344572447  0  0  1  A
 0.344573203  0  0  2  A
 0.368126318  0  0  3  A
 0.368127245  0  0  0  A
 0.411903558  0  0  1  A
 0.453588429  0  0  2  A
 0.484389624  0  0  3  A
 0.484390593  0  0  0  A
 0.511344052  0  0  1  A
 0.513083505  0  0  2  A
 0.539341697  0  0  3  A
 0.539342240  0  0  0  A
 0.562802808  0  0  1  A
 0.576308613  0  0  2  A
 0.592289957  0  0  3  A
 0.592290522  0  0  0  A
 0.604472971  0  0  1  A
 0.604473664  0  0  2  A
 0.638361385  0  0  3  A
 0.638362279  0  0  0  A
 0.675462163  0  0  1  A
 0.684203346  0  0  2  A
 0.730773397  0  0  3  A
 0.730773962  0  0  0  A
 0.761111284  0  0  1  A
 0.763439013  0  0  2  A
 0.811317850  0  0  3  A
 0.811318670  0  0  0  A
 0.835640224  0  0  1  A
 0.835640937  0  0  2  A
 0.887073782  0  0  3  A
 0.887074347  0  0  0  A
 0.938275031  0  0  1  A
 0.938275829  0  0  2  A
 0.960740961  0  0  3  A
 0.960741461  0  0  0  A
 1.012255673  0  0  1  A
 1.012256440  0  0  2  A
 1.031586983  0  0  3  A
 1.031587463  0  0  0  A
 1.054879476  0  0  1  A
 1.054880221  0  0  2  A
 1.098784862  0  0  3  A
 1.098785416  0  0  0  A
 1.122011195  0  0  1  A
 1.122011919  0  0  2  A
 1.166499245  0  0  3  A
 1.166500332  0  0  0  A
 1.191675113  0  0  1  A
 1.191675848  0  0  2  A
 1.229275359  0  0  3  A
 1.229276711  0  0  0  A
 1.260679231  0  0  1  A
 1.260680093  0  0  2  A
 1.304675164  0  0  3  A
 1.304675782  0  0  0  A
 1.329443997  0  0  1  A
 1.329444775  0  0  2  A
 1.351430665  0  0  3  A
 1.351431538  0  0  0  A
 1.366024893  0  0  1  A
 1.366025553  0  0  2  A
 1.388855386  0  0  3  A
 1.388855908  0  0  0  A
 1.399797573  0  0  1  A
 1.399798276  0  0  2  A
 1.436743169  0  0  3  A
 1.436743670  0  0  0  A
 1.489290062  0  0  1  A
 1.489290840  0  0  2  A
 1.510048853  0  0  3  A
 1.510049364  0  0  0  A
 1.536381127  0  0  1  A
 1.536381830  0  0  2  A
 1.560634604  0  0  3  A
 1.560635105  0  0  0  A
-1  2  2  4 LOCAL_SECTION;ENTRY_PROTOCOL;CRITICAL_SECTION;EXIT_PROTOCOL;TURN= 1;
