<<<<<<< HEAD
0.000104 5 5 0 F
0.000105 5 5 0 F
0.001309 5 5 1 F
0.007040 5 5 3 F
0.007040 5 5 2 F
0.007040 5 5 4 F
0.007040 5 5 5 F
0.009247 5 5 6 F
0.011451 5 5 0 F
0.011451 5 5 0 F
0.012553 5 5 1 F
0.018047 5 5 3 F
0.018047 5 5 2 F
0.018047 5 5 4 F
0.018047 5 5 5 F
0.020230 5 5 6 F
0.022427 5 5 0 F
0.022427 5 5 0 F
0.023531 5 5 1 F
0.029032 5 5 3 F
0.029032 5 5 2 F
0.029032 5 5 4 F
0.029032 5 5 5 F
0.031235 5 5 6 F
0.033442 5 5 0 F
0.033442 5 5 0 F
0.034542 5 5 1 F
0.040062 5 5 3 F
0.040062 5 5 2 F
0.040063 5 5 4 F
0.040063 5 5 5 F
0.042261 5 5 6 F
0.044446 5 5 0 F
0.000109 0 0 0 A
0.000109 0 0 0 A
0.001299 0 0 1 A
0.009247 0 0 3 A
0.009247 0 0 2 A
0.009247 0 0 4 A
0.009247 0 0 5 A
0.011451 0 0 6 A
0.013652 0 0 0 A
0.013653 0 0 0 A
0.014754 0 0 1 A
0.020231 0 0 3 A
0.020231 0 0 2 A
0.020231 0 0 4 A
0.020231 0 0 5 A
0.022427 0 0 6 A
0.024636 0 0 0 A
0.024636 0 0 0 A
0.025738 0 0 1 A
0.031236 0 0 3 A
0.031236 0 0 2 A
0.031236 0 0 4 A
0.031236 0 0 5 A
0.033443 0 0 6 A
0.035646 0 0 0 A
0.035646 0 0 0 A
0.036755 0 0 1 A
0.042261 0 0 3 A
0.042261 0 0 2 A
0.042261 0 0 4 A
0.042262 0 0 5 A
0.044467 0 0 6 A
0.046755 0 0 0 A
0.000067 14 14 0 O
0.000067 14 14 0 O
0.001324 14 14 1 O
0.003647 14 14 3 O
0.003647 14 14 2 O
0.003647 14 14 4 O
0.003647 14 14 5 O
0.005984 14 14 6 O
0.008177 14 14 0 O
0.008177 14 14 0 O
0.009263 14 14 1 O
0.063409 14 14 3 O
0.063409 14 14 2 O
0.063409 14 14 4 O
0.063409 14 14 5 O
0.065651 14 14 6 O
0.067888 14 14 0 O
0.067888 14 14 0 O
0.068993 14 14 1 O
0.088057 14 14 3 O
0.088057 14 14 2 O
0.088057 14 14 4 O
0.088057 14 14 5 O
0.090303 14 14 6 O
0.092527 14 14 0 O
0.092527 14 14 0 O
0.093617 14 14 1 O
0.112693 14 14 3 O
0.112693 14 14 2 O
0.112693 14 14 4 O
0.112693 14 14 5 O
0.114937 14 14 6 O
0.117205 14 14 0 O
0.000195 8 8 0 I
0.000195 8 8 0 I
0.001309 8 8 1 I
0.015850 8 8 3 I
0.015851 8 8 2 I
0.015851 8 8 4 I
0.015851 8 8 5 I
0.018046 8 8 6 I
0.020230 8 8 0 I
0.020230 8 8 0 I
0.021323 8 8 1 I
0.026841 8 8 3 I
0.026841 8 8 2 I
0.026841 8 8 4 I
0.026841 8 8 5 I
0.029032 8 8 6 I
0.031235 8 8 0 I
0.031235 8 8 0 I
0.032339 8 8 1 I
0.037866 8 8 3 I
0.037866 8 8 2 I
0.037866 8 8 4 I
0.037866 8 8 5 I
0.040062 8 8 6 I
0.042261 8 8 0 I
0.042261 8 8 0 I
0.043354 8 8 1 I
0.047806 8 8 3 I
0.047807 8 8 2 I
0.047807 8 8 4 I
0.047807 8 8 5 I
0.049994 8 8 6 I
0.052175 8 8 0 I
0.052175 8 8 0 I
0.053269 8 8 1 I
0.127143 8 8 3 I
0.127143 8 8 2 I
0.127143 8 8 4 I
0.127143 8 8 5 I
0.129333 8 8 6 I
0.131546 8 8 0 I
0.000181 12 12 0 M
0.000181 12 12 0 M
0.001332 12 12 1 M
0.061175 12 12 3 M
0.061175 12 12 2 M
0.061175 12 12 4 M
0.061175 12 12 5 M
0.063408 12 12 6 M
0.065651 12 12 0 M
0.065651 12 12 0 M
0.066743 12 12 1 M
0.085819 12 12 3 M
0.085819 12 12 2 M
0.085819 12 12 4 M
0.085819 12 12 5 M
0.088057 12 12 6 M
0.090302 12 12 0 M
0.090302 12 12 0 M
0.091395 12 12 1 M
0.110458 12 12 3 M
0.110458 12 12 2 M
0.110458 12 12 4 M
0.110458 12 12 5 M
0.112693 12 12 6 M
0.114937 12 12 0 M
0.114937 12 12 0 M
0.116056 12 12 1 M
0.131569 12 12 3 M
0.131570 12 12 2 M
0.131570 12 12 4 M
0.131570 12 12 5 M
0.133925 12 12 6 M
0.136151 12 12 0 M
0.000196 13 13 0 N
0.000196 13 13 0 N
0.001323 13 13 1 N
0.056667 13 13 3 N
0.056667 13 13 2 N
0.056667 13 13 4 N
0.056668 13 13 5 N
0.058897 13 13 6 N
0.061174 13 13 0 N
0.061174 13 13 0 N
0.062264 13 13 1 N
0.081329 13 13 3 N
0.081330 13 13 2 N
0.081330 13 13 4 N
0.081330 13 13 5 N
0.083562 13 13 6 N
0.085818 13 13 0 N
0.085818 13 13 0 N
0.086913 13 13 1 N
0.105959 13 13 3 N
0.105959 13 13 2 N
0.105959 13 13 4 N
0.105959 13 13 5 N
0.108201 13 13 6 N
0.110457 13 13 0 N
0.110457 13 13 0 N
0.111546 13 13 1 N
0.137252 13 13 3 N
0.137252 13 13 2 N
0.137252 13 13 4 N
0.137252 13 13 5 N
0.139522 13 13 6 N
0.141783 13 13 0 N
0.000187 7 7 0 H
0.000187 7 7 0 H
0.001281 7 7 1 H
0.001281 7 7 3 H
0.001281 7 7 4 H
0.001281 7 7 5 H
0.003630 7 7 6 H
0.005964 7 7 0 H
0.005964 7 7 0 H
0.007041 7 7 1 H
0.011451 7 7 3 H
0.011451 7 7 2 H
0.011452 7 7 4 H
0.011452 7 7 5 H
0.013653 7 7 6 H
0.015850 7 7 0 H
0.015850 7 7 0 H
0.016952 7 7 1 H
0.022428 7 7 3 H
0.022428 7 7 2 H
0.022428 7 7 4 H
0.022428 7 7 5 H
0.024636 7 7 6 H
0.026840 7 7 0 H
0.026841 7 7 0 H
0.027922 7 7 1 H
0.033443 7 7 3 H
0.033443 7 7 2 H
0.033443 7 7 4 H
0.033443 7 7 5 H
0.035646 7 7 6 H
0.037865 7 7 0 H
0.037865 7 7 0 H
0.038967 7 7 1 H
0.058898 7 7 3 H
0.058898 7 7 2 H
0.058898 7 7 4 H
0.058898 7 7 5 H
0.061174 7 7 6 H
0.063408 7 7 0 H
0.063408 7 7 0 H
0.064506 7 7 1 H
0.083562 7 7 3 H
0.083562 7 7 2 H
0.083562 7 7 4 H
0.083562 7 7 5 H
0.085819 7 7 6 H
0.088056 7 7 0 H
0.088056 7 7 0 H
0.089151 7 7 1 H
0.108201 7 7 3 H
0.108201 7 7 2 H
0.108201 7 7 4 H
0.108201 7 7 5 H
0.110458 7 7 6 H
0.112692 7 7 0 H
0.112692 7 7 0 H
0.113790 7 7 1 H
0.120526 7 7 3 H
0.120526 7 7 2 H
0.120526 7 7 4 H
0.120526 7 7 5 H
0.122762 7 7 6 H
0.124958 7 7 0 H
0.124958 7 7 0 H
0.126048 7 7 1 H
0.149542 7 7 3 H
0.149542 7 7 2 H
0.149542 7 7 4 H
0.149542 7 7 5 H
0.151734 7 7 6 H
0.153925 7 7 0 H
0.000163 3 3 0 D
0.000163 3 3 0 D
0.001318 3 3 1 D
0.067888 3 3 3 D
0.067888 3 3 2 D
0.067888 3 3 4 D
0.067888 3 3 5 D
0.070142 3 3 6 D
0.072373 3 3 0 D
0.072373 3 3 0 D
0.073462 3 3 1 D
0.092527 3 3 3 D
0.092527 3 3 2 D
0.092528 3 3 4 D
0.092528 3 3 5 D
0.094761 3 3 6 D
0.096999 3 3 0 D
0.096999 3 3 0 D
0.098096 3 3 1 D
0.117221 3 3 3 D
0.117221 3 3 2 D
0.117221 3 3 4 D
0.117221 3 3 5 D
0.119480 3 3 6 D
0.121688 3 3 0 D
0.121688 3 3 0 D
0.122784 3 3 1 D
0.141805 3 3 3 D
0.141805 3 3 2 D
0.141806 3 3 4 D
0.141806 3 3 5 D
0.144048 3 3 6 D
0.146262 3 3 0 D
0.146262 3 3 0 D
0.147383 3 3 1 D
0.157288 3 3 3 D
0.157288 3 3 2 D
0.157288 3 3 4 D
0.157288 3 3 5 D
0.159532 3 3 6 D
0.161722 3 3 0 D
0.000131 10 10 0 K
0.000131 10 10 0 K
0.001292 10 10 1 K
0.050016 10 10 3 K
0.050016 10 10 2 K
0.050016 10 10 4 K
0.050016 10 10 5 K
0.052195 10 10 6 K
0.054437 10 10 0 K
0.054437 10 10 0 K
0.055529 10 10 1 K
0.074604 10 10 3 K
0.074604 10 10 2 K
0.074604 10 10 4 K
0.074604 10 10 5 K
0.076847 10 10 6 K
0.079086 10 10 0 K
0.079086 10 10 0 K
0.080185 10 10 1 K
0.099241 10 10 3 K
0.099241 10 10 2 K
0.099241 10 10 4 K
0.099241 10 10 5 K
0.101485 10 10 6 K
0.103717 10 10 0 K
0.103717 10 10 0 K
0.104812 10 10 1 K
0.167336 10 10 3 K
0.167336 10 10 2 K
0.167336 10 10 4 K
0.167336 10 10 5 K
0.169540 10 10 6 K
0.171737 10 10 0 K
0.000180 4 4 0 E
0.000180 4 4 0 E
0.001322 4 4 1 E
0.072373 4 4 3 E
0.072374 4 4 2 E
0.072374 4 4 4 E
0.072374 4 4 5 E
0.074604 4 4 6 E
0.076847 4 4 0 E
0.076847 4 4 0 E
0.077942 4 4 1 E
0.096999 4 4 3 E
0.096999 4 4 2 E
0.096999 4 4 4 E
0.096999 4 4 5 E
0.099240 4 4 6 E
0.101484 4 4 0 E
0.101485 4 4 0 E
0.102573 4 4 1 E
0.122762 4 4 3 E
0.122762 4 4 2 E
0.122762 4 4 4 E
0.122763 4 4 5 E
0.124958 4 4 6 E
0.127142 4 4 0 E
0.127142 4 4 0 E
0.128237 4 4 1 E
0.134970 4 4 3 E
0.134970 4 4 2 E
0.134971 4 4 4 E
0.134971 4 4 5 E
0.137251 4 4 6 E
0.139521 4 4 0 E
0.139522 4 4 0 E
0.140624 4 4 1 E
0.153946 4 4 3 E
0.153946 4 4 2 E
0.153946 4 4 4 E
0.153947 4 4 5 E
0.156238 4 4 6 E
0.158461 4 4 0 E
0.158461 4 4 0 E
0.159554 4 4 1 E
0.165098 4 4 3 E
0.165098 4 4 2 E
0.165098 4 4 4 E
0.165098 4 4 5 E
0.167335 4 4 6 E
0.169539 4 4 0 E
0.169539 4 4 0 E
0.170635 4 4 1 E
0.171761 4 4 3 E
0.171761 4 4 2 E
0.171761 4 4 4 E
0.171761 4 4 5 E
0.174051 4 4 6 E
0.176514 4 4 0 E
0.176514 4 4 0 E
0.177610 4 4 1 E
0.189758 4 4 3 E
0.189759 4 4 2 E
0.189759 4 4 4 E
0.189759 4 4 5 E
0.191953 4 4 6 E
0.194197 4 4 0 E
0.000157 11 11 0 L
0.000157 11 11 0 L
0.001341 11 11 1 L
0.070142 11 11 3 L
0.070142 11 11 2 L
0.070142 11 11 4 L
0.070142 11 11 5 L
0.072373 11 11 6 L
0.074603 11 11 0 L
0.074603 11 11 0 L
0.075703 11 11 1 L
0.094762 11 11 3 L
0.094762 11 11 2 L
0.094762 11 11 4 L
0.094762 11 11 5 L
0.096999 11 11 6 L
0.099240 11 11 0 L
0.099240 11 11 0 L
0.100347 11 11 1 L
0.129333 11 11 3 L
0.129333 11 11 2 L
0.129333 11 11 4 L
0.129333 11 11 5 L
0.131569 11 11 6 L
0.133926 11 11 0 L
0.133926 11 11 0 L
0.134992 11 11 1 L
0.151734 11 11 3 L
0.151734 11 11 2 L
0.151734 11 11 4 L
0.151734 11 11 5 L
0.153946 11 11 6 L
0.156238 11 11 0 L
0.156238 11 11 0 L
0.157306 11 11 1 L
0.169540 11 11 3 L
0.169540 11 11 2 L
0.169540 11 11 4 L
0.169541 11 11 5 L
0.171760 11 11 6 L
0.174051 11 11 0 L
0.174051 11 11 0 L
0.175129 11 11 1 L
0.181984 11 11 3 L
0.181984 11 11 2 L
0.181984 11 11 4 L
0.181984 11 11 5 L
0.184227 11 11 6 L
0.186471 11 11 0 L
0.186471 11 11 0 L
0.187569 11 11 1 L
0.195258 11 11 3 L
0.195258 11 11 2 L
0.195258 11 11 4 L
0.195258 11 11 5 L
0.197797 11 11 6 L
0.200056 11 11 0 L
0.200056 11 11 0 L
0.201129 11 11 1 L
0.203361 11 11 3 L
0.203361 11 11 2 L
0.203361 11 11 4 L
0.203361 11 11 5 L
0.205551 11 11 6 L
0.207760 11 11 0 L
0.000119 6 6 0 G
0.000120 6 6 0 G
0.001333 6 6 1 G
0.052196 6 6 3 G
0.052196 6 6 2 G
0.052196 6 6 4 G
0.052196 6 6 5 G
0.054437 6 6 6 G
0.056667 6 6 0 G
0.056667 6 6 0 G
0.057764 6 6 1 G
0.076848 6 6 3 G
0.076848 6 6 2 G
0.076848 6 6 4 G
0.076848 6 6 5 G
0.079087 6 6 6 G
0.081329 6 6 0 G
0.081329 6 6 0 G
0.082421 6 6 1 G
0.101485 6 6 3 G
0.101485 6 6 2 G
0.101485 6 6 4 G
0.101485 6 6 5 G
0.103717 6 6 6 G
0.105958 6 6 0 G
0.105958 6 6 0 G
0.107055 6 6 1 G
0.124959 6 6 3 G
0.124959 6 6 2 G
0.124959 6 6 4 G
0.124959 6 6 5 G
0.127142 6 6 6 G
0.129332 6 6 0 G
0.129332 6 6 0 G
0.130443 6 6 1 G
0.139522 6 6 3 G
0.139522 6 6 2 G
0.139523 6 6 4 G
0.139523 6 6 5 G
0.141805 6 6 6 G
0.144048 6 6 0 G
0.144048 6 6 0 G
0.145113 6 6 1 G
0.161746 6 6 3 G
0.161746 6 6 2 G
0.161746 6 6 4 G
0.161746 6 6 5 G
0.164037 6 6 6 G
0.166261 6 6 0 G
0.166261 6 6 0 G
0.167361 6 6 1 G
0.175113 6 6 3 G
0.175113 6 6 2 G
0.175113 6 6 4 G
0.175113 6 6 5 G
0.177588 6 6 6 G
0.179778 6 6 0 G
0.179778 6 6 0 G
0.180870 6 6 1 G
0.187547 6 6 3 G
0.187547 6 6 2 G
0.187547 6 6 4 G
0.187547 6 6 5 G
0.189736 6 6 6 G
0.191926 6 6 0 G
0.191926 6 6 0 G
0.193019 6 6 1 G
0.201128 6 6 3 G
0.201128 6 6 2 G
0.201128 6 6 4 G
0.201128 6 6 5 G
0.203360 6 6 6 G
0.205550 6 6 0 G
0.205550 6 6 0 G
0.206658 6 6 1 G
0.207779 6 6 3 G
0.207779 6 6 2 G
0.207779 6 6 4 G
0.207779 6 6 5 G
0.210176 6 6 6 G
0.212373 6 6 0 G
0.000120 2 2 0 C
0.000120 2 2 0 C
0.001322 2 2 1 C
0.013653 2 2 3 C
0.013653 2 2 2 C
0.013653 2 2 4 C
0.013653 2 2 5 C
0.015850 2 2 6 C
0.018045 2 2 0 C
0.018045 2 2 0 C
0.019138 2 2 1 C
0.024636 2 2 3 C
0.024636 2 2 2 C
0.024637 2 2 4 C
0.024637 2 2 5 C
0.026841 2 2 6 C
0.029031 2 2 0 C
0.029032 2 2 0 C
0.030123 2 2 1 C
0.035647 2 2 3 C
0.035647 2 2 2 C
0.035647 2 2 4 C
0.035647 2 2 5 C
0.037866 2 2 6 C
0.040062 2 2 0 C
0.040062 2 2 0 C
0.041158 2 2 1 C
0.044467 2 2 3 C
0.044467 2 2 2 C
0.044467 2 2 4 C
0.044467 2 2 5 C
0.046754 2 2 6 C
0.048903 2 2 0 C
0.048903 2 2 0 C
0.049993 2 2 1 C
0.145097 2 2 3 C
0.145098 2 2 2 C
0.145098 2 2 4 C
0.145098 2 2 5 C
0.147355 2 2 6 C
0.149541 2 2 0 C
0.149542 2 2 0 C
0.150637 2 2 1 C
0.177588 2 2 3 C
0.177588 2 2 2 C
0.177588 2 2 4 C
0.177588 2 2 5 C
0.179778 2 2 6 C
0.181963 2 2 0 C
0.181963 2 2 0 C
0.183055 2 2 1 C
0.211229 2 2 3 C
0.211229 2 2 2 C
0.211229 2 2 4 C
0.211230 2 2 5 C
0.213491 2 2 6 C
0.215697 2 2 0 C
0.000097 1 1 0 B
0.000097 1 1 0 B
0.001319 1 1 1 B
0.065651 1 1 3 B
0.065651 1 1 2 B
0.065651 1 1 4 B
0.065651 1 1 5 B
0.067888 1 1 6 B
0.070142 1 1 0 B
0.070142 1 1 0 B
0.071229 1 1 1 B
0.090303 1 1 3 B
0.090303 1 1 2 B
0.090303 1 1 4 B
0.090303 1 1 5 B
0.092527 1 1 6 B
0.094761 1 1 0 B
0.094761 1 1 0 B
0.095855 1 1 1 B
0.114938 1 1 3 B
0.114938 1 1 2 B
0.114938 1 1 4 B
0.114938 1 1 5 B
0.117220 1 1 6 B
0.119481 1 1 0 B
0.119481 1 1 0 B
0.120543 1 1 1 B
0.147355 1 1 3 B
0.147355 1 1 2 B
0.147355 1 1 4 B
0.147356 1 1 5 B
0.149542 1 1 6 B
0.151734 1 1 0 B
0.151734 1 1 0 B
0.152830 1 1 1 B
0.179795 1 1 3 B
0.179795 1 1 2 B
0.179795 1 1 4 B
0.179795 1 1 5 B
0.181984 1 1 6 B
0.184227 1 1 0 B
0.184227 1 1 0 B
0.185323 1 1 1 B
0.191953 1 1 3 B
0.191953 1 1 2 B
0.191954 1 1 4 B
0.191954 1 1 5 B
0.194212 1 1 6 B
0.196437 1 1 0 B
0.196437 1 1 0 B
0.197831 1 1 1 B
0.197831 1 1 3 B
0.197831 1 1 2 B
0.197831 1 1 4 B
0.197831 1 1 5 B
0.200074 1 1 6 B
0.202286 1 1 0 B
0.202286 1 1 0 B
0.203390 1 1 1 B
0.205571 1 1 3 B
0.205571 1 1 2 B
0.205571 1 1 4 B
0.205571 1 1 5 B
0.207778 1 1 6 B
0.210176 1 1 0 B
0.210176 1 1 0 B
0.211245 1 1 1 B
0.213512 1 1 3 B
0.213513 1 1 2 B
0.213513 1 1 4 B
0.213513 1 1 5 B
0.215679 1 1 6 B
0.217876 1 1 0 B
0.000333 9 9 0 J
0.000333 9 9 0 J
0.001343 9 9 1 J
0.054437 9 9 3 J
0.054437 9 9 2 J
0.054438 9 9 4 J
0.054438 9 9 5 J
0.056667 9 9 6 J
0.058897 9 9 0 J
0.058897 9 9 0 J
0.060021 9 9 1 J
0.079087 9 9 3 J
0.079087 9 9 2 J
0.079087 9 9 4 J
0.079087 9 9 5 J
0.081329 9 9 6 J
0.083561 9 9 0 J
0.083562 9 9 0 J
0.084670 9 9 1 J
0.103718 9 9 3 J
0.103718 9 9 2 J
0.103718 9 9 4 J
0.103718 9 9 5 J
0.105958 9 9 6 J
0.108200 9 9 0 J
0.108200 9 9 0 J
0.109294 9 9 1 J
0.159532 9 9 3 J
0.159532 9 9 2 J
0.159532 9 9 4 J
0.159532 9 9 5 J
0.161746 9 9 6 J
0.164037 9 9 0 J
0.164037 9 9 0 J
0.165113 9 9 1 J
0.185302 9 9 3 J
0.185302 9 9 2 J
0.185302 9 9 4 J
0.185302 9 9 5 J
0.187547 9 9 6 J
0.189736 9 9 0 J
0.189736 9 9 0 J
0.190828 9 9 1 J
0.215696 9 9 3 J
0.215697 9 9 4 J
0.215697 9 9 5 J
0.217855 9 9 6 J
0.220032 9 9 0 J
0.220032 9 9 0 J
0.221136 9 9 1 J
0.221137 9 9 3 J
0.221137 9 9 4 J
0.221137 9 9 5 J
0.223321 9 9 6 J
0.225510 9 9 0 J
0.225511 9 9 0 J
0.226607 9 9 1 J
0.226607 9 9 3 J
0.226607 9 9 4 J
0.226607 9 9 5 J
0.228786 9 9 6 J
0.230963 9 9 0 J
0.230963 9 9 0 J
0.232069 9 9 1 J
0.232069 9 9 3 J
0.232069 9 9 4 J
0.232069 9 9 5 J
0.234256 9 9 6 J
0.236430 9 9 0 J
0.236430 9 9 0 J
0.237522 9 9 1 J
0.237522 9 9 3 J
0.237522 9 9 4 J
0.237522 9 9 5 J
0.239697 9 9 6 J
0.241880 9 9 0 J
=======
0.000107 5 5 0 F
0.000107 5 5 0 F
0.001352 5 5 1 F
0.007550 5 5 3 F
0.007550 5 5 2 F
0.007551 5 5 4 F
0.007551 5 5 5 F
0.009966 5 5 6 F
0.012348 5 5 0 F
0.012348 5 5 0 F
0.013544 5 5 1 F
0.019459 5 5 3 F
0.019459 5 5 2 F
0.019459 5 5 4 F
0.019459 5 5 5 F
0.021842 5 5 6 F
0.024235 5 5 0 F
0.024235 5 5 0 F
0.025328 5 5 1 F
0.031248 5 5 3 F
0.031248 5 5 2 F
0.031248 5 5 4 F
0.031249 5 5 5 F
0.033626 5 5 6 F
0.035959 5 5 0 F
0.035959 5 5 0 F
0.037141 5 5 1 F
0.043074 5 5 3 F
0.043074 5 5 2 F
0.043074 5 5 4 F
0.043074 5 5 5 F
0.045347 5 5 6 F
0.047717 5 5 0 F
0.000085 10 10 0 K
0.000085 10 10 0 K
0.001359 10 10 1 K
0.014731 10 10 3 K
0.014731 10 10 2 K
0.014731 10 10 4 K
0.014731 10 10 5 K
0.017068 10 10 6 K
0.019458 10 10 0 K
0.019458 10 10 0 K
0.020650 10 10 1 K
0.026508 10 10 3 K
0.026508 10 10 2 K
0.026508 10 10 4 K
0.026508 10 10 5 K
0.028879 10 10 6 K
0.031248 10 10 0 K
0.031248 10 10 0 K
0.032435 10 10 1 K
0.038327 10 10 3 K
0.038327 10 10 2 K
0.038327 10 10 4 K
0.038327 10 10 5 K
0.040700 10 10 6 K
0.043073 10 10 0 K
0.043073 10 10 0 K
0.044259 10 10 1 K
0.047740 10 10 3 K
0.047740 10 10 2 K
0.047741 10 10 4 K
0.047741 10 10 5 K
0.050173 10 10 6 K
0.052616 10 10 0 K
0.000231 3 3 0 D
0.000231 3 3 0 D
0.001295 3 3 1 D
0.001295 3 3 3 D
0.001295 3 3 4 D
0.001295 3 3 5 D
0.003816 3 3 6 D
0.006297 3 3 0 D
0.006297 3 3 0 D
0.007568 3 3 1 D
0.054998 3 3 3 D
0.054998 3 3 2 D
0.054998 3 3 4 D
0.054998 3 3 5 D
0.057366 3 3 6 D
0.059743 3 3 0 D
0.059743 3 3 0 D
0.060931 3 3 1 D
0.071632 3 3 3 D
0.071632 3 3 2 D
0.071632 3 3 4 D
0.071632 3 3 5 D
0.074009 3 3 6 D
0.076386 3 3 0 D
0.076386 3 3 0 D
0.077580 3 3 1 D
0.088266 3 3 3 D
0.088266 3 3 2 D
0.088266 3 3 4 D
0.088266 3 3 5 D
0.090643 3 3 6 D
0.093051 3 3 0 D
0.093051 3 3 0 D
0.094242 3 3 1 D
0.104947 3 3 3 D
0.104947 3 3 2 D
0.104947 3 3 4 D
0.104947 3 3 5 D
0.107321 3 3 6 D
0.109699 3 3 0 D
0.000114 13 13 0 N
0.000114 13 13 0 N
0.001357 13 13 1 N
0.059744 13 13 3 N
0.059744 13 13 2 N
0.059744 13 13 4 N
0.059744 13 13 5 N
0.062118 13 13 6 N
0.064497 13 13 0 N
0.064497 13 13 0 N
0.065687 13 13 1 N
0.076387 13 13 3 N
0.076387 13 13 2 N
0.076387 13 13 4 N
0.076387 13 13 5 N
0.078764 13 13 6 N
0.081138 13 13 0 N
0.081138 13 13 0 N
0.082326 13 13 1 N
0.093052 13 13 3 N
0.093052 13 13 2 N
0.093052 13 13 4 N
0.093052 13 13 5 N
0.095429 13 13 6 N
0.097826 13 13 0 N
0.097827 13 13 0 N
0.099014 13 13 1 N
0.109723 13 13 3 N
0.109723 13 13 2 N
0.109724 13 13 4 N
0.109724 13 13 5 N
0.112216 13 13 6 N
0.114621 13 13 0 N
0.000067 2 2 0 C
0.000067 2 2 0 C
0.001361 2 2 1 C
0.017068 2 2 3 C
0.017068 2 2 2 C
0.017068 2 2 4 C
0.017069 2 2 5 C
0.019458 2 2 6 C
0.021841 2 2 0 C
0.021841 2 2 0 C
0.023038 2 2 1 C
0.028879 2 2 3 C
0.028880 2 2 2 C
0.028880 2 2 4 C
0.028880 2 2 5 C
0.031248 2 2 6 C
0.033626 2 2 0 C
0.033626 2 2 0 C
0.034808 2 2 1 C
0.040701 2 2 3 C
0.040701 2 2 2 C
0.040701 2 2 4 C
0.040701 2 2 5 C
0.043073 2 2 6 C
0.045346 2 2 0 C
0.045346 2 2 0 C
0.046533 2 2 1 C
0.066878 2 2 3 C
0.066878 2 2 2 C
0.066879 2 2 4 C
0.066879 2 2 5 C
0.069256 2 2 6 C
0.071632 2 2 0 C
0.071632 2 2 0 C
0.072821 2 2 1 C
0.083513 2 2 3 C
0.083513 2 2 2 C
0.083513 2 2 4 C
0.083513 2 2 5 C
0.085890 2 2 6 C
0.088265 2 2 0 C
0.088265 2 2 0 C
0.089454 2 2 1 C
0.100202 2 2 3 C
0.100202 2 2 2 C
0.100202 2 2 4 C
0.100202 2 2 5 C
0.102574 2 2 6 C
0.104946 2 2 0 C
0.104947 2 2 0 C
0.106134 2 2 1 C
0.115813 2 2 3 C
0.115813 2 2 2 C
0.115813 2 2 4 C
0.115813 2 2 5 C
0.118259 2 2 6 C
0.120689 2 2 0 C
0.000045 0 0 0 A
0.000045 0 0 0 A
0.001359 0 0 1 A
0.062119 0 0 3 A
0.062119 0 0 2 A
0.062119 0 0 4 A
0.062119 0 0 5 A
0.064497 0 0 6 A
0.066877 0 0 0 A
0.066878 0 0 0 A
0.068068 0 0 1 A
0.078764 0 0 3 A
0.078764 0 0 2 A
0.078764 0 0 4 A
0.078764 0 0 5 A
0.081138 0 0 6 A
0.083512 0 0 0 A
0.083512 0 0 0 A
0.084703 0 0 1 A
0.095430 0 0 3 A
0.095430 0 0 2 A
0.095430 0 0 4 A
0.095430 0 0 5 A
0.097827 0 0 6 A
0.100201 0 0 0 A
0.100201 0 0 0 A
0.101389 0 0 1 A
0.138547 0 0 3 A
0.138547 0 0 2 A
0.138547 0 0 4 A
0.138547 0 0 5 A
0.140922 0 0 6 A
0.143330 0 0 0 A
0.000024 14 14 0 O
0.000025 14 14 0 O
0.001357 14 14 1 O
0.050195 14 14 3 O
0.050195 14 14 2 O
0.050196 14 14 4 O
0.050196 14 14 5 O
0.052596 14 14 6 O
0.055016 14 14 0 O
0.055016 14 14 0 O
0.056196 14 14 1 O
0.131419 14 14 3 O
0.131419 14 14 2 O
0.131419 14 14 4 O
0.131419 14 14 5 O
0.133794 14 14 6 O
0.136170 14 14 0 O
0.136170 14 14 0 O
0.137358 14 14 1 O
0.146977 14 14 3 O
0.146977 14 14 2 O
0.146977 14 14 4 O
0.146977 14 14 5 O
0.149414 14 14 6 O
0.151790 14 14 0 O
0.151790 14 14 0 O
0.152977 14 14 1 O
0.156539 14 14 3 O
0.156539 14 14 2 O
0.156539 14 14 4 O
0.156539 14 14 5 O
0.158920 14 14 6 O
0.161295 14 14 0 O
0.000118 4 4 0 E
0.000118 4 4 0 E
0.001353 4 4 1 E
0.057366 4 4 3 E
0.057366 4 4 2 E
0.057366 4 4 4 E
0.057367 4 4 5 E
0.059743 4 4 6 E
0.062118 4 4 0 E
0.062118 4 4 0 E
0.063308 4 4 1 E
0.074009 4 4 3 E
0.074009 4 4 2 E
0.074009 4 4 4 E
0.074009 4 4 5 E
0.076387 4 4 6 E
0.078763 4 4 0 E
0.078763 4 4 0 E
0.079952 4 4 1 E
0.090643 4 4 3 E
0.090643 4 4 2 E
0.090643 4 4 4 E
0.090643 4 4 5 E
0.093051 4 4 6 E
0.095429 4 4 0 E
0.095429 4 4 0 E
0.096628 4 4 1 E
0.107321 4 4 3 E
0.107321 4 4 2 E
0.107321 4 4 4 E
0.107322 4 4 5 E
0.109723 4 4 6 E
0.112216 4 4 0 E
0.112217 4 4 0 E
0.113374 4 4 1 E
0.124284 4 4 3 E
0.124284 4 4 2 E
0.124284 4 4 4 E
0.124284 4 4 5 E
0.126715 4 4 6 E
0.129042 4 4 0 E
0.129042 4 4 0 E
0.130230 4 4 1 E
0.140922 4 4 3 E
0.140922 4 4 2 E
0.140923 4 4 4 E
0.140923 4 4 5 E
0.143348 4 4 6 E
0.145836 4 4 0 E
0.145836 4 4 0 E
0.146994 4 4 1 E
0.167384 4 4 3 E
0.167384 4 4 2 E
0.167384 4 4 4 E
0.167384 4 4 5 E
0.169753 4 4 6 E
0.172123 4 4 0 E
0.172124 4 4 0 E
0.173308 4 4 1 E
0.179256 4 4 3 E
0.179256 4 4 2 E
0.179256 4 4 4 E
0.179256 4 4 5 E
0.181625 4 4 6 E
0.184000 4 4 0 E
0.000088 8 8 0 I
0.000089 8 8 0 I
0.001347 8 8 1 I
0.003816 8 8 3 I
0.003817 8 8 2 I
0.003817 8 8 4 I
0.003817 8 8 5 I
0.006294 8 8 6 I
0.008773 8 8 0 I
0.008773 8 8 0 I
0.009986 8 8 1 I
0.113356 8 8 3 I
0.113356 8 8 2 I
0.113356 8 8 4 I
0.113356 8 8 5 I
0.115813 8 8 6 I
0.118258 8 8 0 I
0.118258 8 8 0 I
0.119443 8 8 1 I
0.129043 8 8 3 I
0.129043 8 8 2 I
0.129043 8 8 4 I
0.129043 8 8 5 I
0.131419 8 8 6 I
0.133794 8 8 0 I
0.133794 8 8 0 I
0.134982 8 8 1 I
0.190121 8 8 3 I
0.190121 8 8 2 I
0.190121 8 8 4 I
0.190122 8 8 5 I
0.192492 8 8 6 I
0.194865 8 8 0 I
0.194865 8 8 0 I
0.196051 8 8 1 I
0.197236 8 8 3 I
0.197236 8 8 2 I
0.197236 8 8 4 I
0.197236 8 8 5 I
0.199605 8 8 6 I
0.201974 8 8 0 I
0.000104 12 12 0 M
0.000104 12 12 0 M
0.001361 12 12 1 M
0.151791 12 12 3 M
0.151791 12 12 2 M
0.151791 12 12 4 M
0.151791 12 12 5 M
0.154164 12 12 6 M
0.156538 12 12 0 M
0.156539 12 12 0 M
0.157729 12 12 1 M
0.174505 12 12 3 M
0.174505 12 12 2 M
0.174505 12 12 4 M
0.174505 12 12 5 M
0.176883 12 12 6 M
0.179255 12 12 0 M
0.179255 12 12 0 M
0.180440 12 12 1 M
0.184024 12 12 3 M
0.184024 12 12 2 M
0.184024 12 12 4 M
0.184024 12 12 5 M
0.186517 12 12 6 M
0.188956 12 12 0 M
0.188956 12 12 0 M
0.190143 12 12 1 M
0.205613 12 12 3 M
0.205613 12 12 2 M
0.205614 12 12 4 M
0.205614 12 12 5 M
0.208084 12 12 6 M
0.210482 12 12 0 M
0.000095 11 11 0 L
0.000095 11 11 0 L
0.001359 11 11 1 L
0.052615 11 11 3 L
0.052615 11 11 2 L
0.052615 11 11 4 L
0.052616 11 11 5 L
0.054997 11 11 6 L
0.057366 11 11 0 L
0.057366 11 11 0 L
0.058555 11 11 1 L
0.069257 11 11 3 L
0.069257 11 11 2 L
0.069257 11 11 4 L
0.069257 11 11 5 L
0.071632 11 11 6 L
0.074008 11 11 0 L
0.074008 11 11 0 L
0.075204 11 11 1 L
0.085890 11 11 3 L
0.085890 11 11 2 L
0.085890 11 11 4 L
0.085890 11 11 5 L
0.088266 11 11 6 L
0.090642 11 11 0 L
0.090642 11 11 0 L
0.091849 11 11 1 L
0.102575 11 11 3 L
0.102575 11 11 2 L
0.102575 11 11 4 L
0.102575 11 11 5 L
0.104947 11 11 6 L
0.107320 11 11 0 L
0.107321 11 11 0 L
0.108508 11 11 1 L
0.133795 11 11 3 L
0.133795 11 11 2 L
0.133795 11 11 4 L
0.133795 11 11 5 L
0.136171 11 11 6 L
0.138546 11 11 0 L
0.138546 11 11 0 L
0.139734 11 11 1 L
0.164944 11 11 3 L
0.164944 11 11 2 L
0.164944 11 11 4 L
0.164944 11 11 5 L
0.167383 11 11 6 L
0.169753 11 11 0 L
0.169753 11 11 0 L
0.170939 11 11 1 L
0.176884 11 11 3 L
0.176884 11 11 2 L
0.176884 11 11 4 L
0.176884 11 11 5 L
0.179256 11 11 6 L
0.181625 11 11 0 L
0.181625 11 11 0 L
0.182813 11 11 1 L
0.208084 11 11 3 L
0.208084 11 11 2 L
0.208084 11 11 4 L
0.208084 11 11 5 L
0.210508 11 11 6 L
0.212991 11 11 0 L
0.000100 6 6 0 G
0.000100 6 6 0 G
0.001342 6 6 1 G
0.064497 6 6 3 G
0.064497 6 6 2 G
0.064497 6 6 4 G
0.064497 6 6 5 G
0.066878 6 6 6 G
0.069256 6 6 0 G
0.069256 6 6 0 G
0.070446 6 6 1 G
0.081139 6 6 3 G
0.081139 6 6 2 G
0.081139 6 6 4 G
0.081139 6 6 5 G
0.083513 6 6 6 G
0.085890 6 6 0 G
0.085890 6 6 0 G
0.087079 6 6 1 G
0.097827 6 6 3 G
0.097827 6 6 2 G
0.097828 6 6 4 G
0.097828 6 6 5 G
0.100202 6 6 6 G
0.102574 6 6 0 G
0.102574 6 6 0 G
0.103761 6 6 1 G
0.118259 6 6 3 G
0.118259 6 6 2 G
0.118259 6 6 4 G
0.118259 6 6 5 G
0.120711 6 6 6 G
0.123139 6 6 0 G
0.123139 6 6 0 G
0.124301 6 6 1 G
0.149415 6 6 3 G
0.149415 6 6 2 G
0.149415 6 6 4 G
0.149415 6 6 5 G
0.151790 6 6 6 G
0.154164 6 6 0 G
0.154164 6 6 0 G
0.155352 6 6 1 G
0.158920 6 6 3 G
0.158920 6 6 2 G
0.158920 6 6 4 G
0.158920 6 6 5 G
0.161317 6 6 6 G
0.163807 6 6 0 G
0.163807 6 6 0 G
0.164962 6 6 1 G
0.192492 6 6 3 G
0.192492 6 6 2 G
0.192492 6 6 4 G
0.192493 6 6 5 G
0.194866 6 6 6 G
0.197236 6 6 0 G
0.197236 6 6 0 G
0.198420 6 6 1 G
0.199605 6 6 3 G
0.199605 6 6 2 G
0.199605 6 6 4 G
0.199605 6 6 5 G
0.201996 6 6 6 G
0.204475 6 6 0 G
0.204475 6 6 0 G
0.205633 6 6 1 G
0.216619 6 6 3 G
0.216619 6 6 2 G
0.216619 6 6 4 G
0.216620 6 6 5 G
0.218989 6 6 6 G
0.221452 6 6 0 G
0.221453 6 6 0 G
0.222637 6 6 1 G
0.222637 6 6 3 G
0.222637 6 6 2 G
0.222637 6 6 4 G
0.222637 6 6 5 G
0.225010 6 6 6 G
0.227496 6 6 0 G
0.000111 7 7 0 H
0.000111 7 7 0 H
0.001315 7 7 1 H
0.012349 7 7 3 H
0.012349 7 7 2 H
0.012349 7 7 4 H
0.012349 7 7 5 H
0.014731 7 7 6 H
0.017068 7 7 0 H
0.017068 7 7 0 H
0.018263 7 7 1 H
0.024236 7 7 3 H
0.024236 7 7 2 H
0.024236 7 7 4 H
0.024236 7 7 5 H
0.026508 7 7 6 H
0.028879 7 7 0 H
0.028879 7 7 0 H
0.030065 7 7 1 H
0.035960 7 7 3 H
0.035960 7 7 2 H
0.035960 7 7 4 H
0.035960 7 7 5 H
0.038327 7 7 6 H
0.040700 7 7 0 H
0.040700 7 7 0 H
0.041887 7 7 1 H
0.120711 7 7 3 H
0.120711 7 7 2 H
0.120711 7 7 4 H
0.120712 7 7 5 H
0.123139 7 7 6 H
0.125558 7 7 0 H
0.125558 7 7 0 H
0.126734 7 7 1 H
0.161318 7 7 3 H
0.161318 7 7 2 H
0.161318 7 7 4 H
0.161318 7 7 5 H
0.163806 7 7 6 H
0.166209 7 7 0 H
0.166209 7 7 0 H
0.167405 7 7 1 H
0.187657 7 7 3 H
0.187657 7 7 2 H
0.187657 7 7 4 H
0.187657 7 7 5 H
0.190121 7 7 6 H
0.192491 7 7 0 H
0.192492 7 7 0 H
0.193679 7 7 1 H
0.194866 7 7 3 H
0.194866 7 7 2 H
0.194866 7 7 4 H
0.194866 7 7 5 H
0.197236 7 7 6 H
0.199604 7 7 0 H
0.199605 7 7 0 H
0.200789 7 7 1 H
0.201997 7 7 3 H
0.201997 7 7 2 H
0.201997 7 7 4 H
0.201997 7 7 5 H
0.204474 7 7 6 H
0.206917 7 7 0 H
0.206917 7 7 0 H
0.208108 7 7 1 H
0.229780 7 7 3 H
0.229780 7 7 2 H
0.229780 7 7 4 H
0.229780 7 7 5 H
0.232258 7 7 6 H
0.234559 7 7 0 H
0.000076 9 9 0 J
0.000076 9 9 0 J
0.001358 9 9 1 J
0.009966 9 9 3 J
0.009966 9 9 2 J
0.009966 9 9 4 J
0.009967 9 9 5 J
0.012349 9 9 6 J
0.014731 9 9 0 J
0.014731 9 9 0 J
0.015882 9 9 1 J
0.021842 9 9 3 J
0.021842 9 9 2 J
0.021842 9 9 4 J
0.021842 9 9 5 J
0.024236 9 9 6 J
0.026507 9 9 0 J
0.026507 9 9 0 J
0.027693 9 9 1 J
0.033626 9 9 3 J
0.033627 9 9 2 J
0.033627 9 9 4 J
0.033627 9 9 5 J
0.035960 9 9 6 J
0.038326 9 9 0 J
0.038326 9 9 0 J
0.039511 9 9 1 J
0.045347 9 9 3 J
0.045347 9 9 2 J
0.045347 9 9 4 J
0.045347 9 9 5 J
0.047740 9 9 6 J
0.050174 9 9 0 J
0.050174 9 9 0 J
0.051377 9 9 1 J
0.136171 9 9 3 J
0.136171 9 9 2 J
0.136171 9 9 4 J
0.136171 9 9 5 J
0.138547 9 9 6 J
0.140922 9 9 0 J
0.140922 9 9 0 J
0.142130 9 9 1 J
0.154164 9 9 3 J
0.154164 9 9 2 J
0.154165 9 9 4 J
0.154165 9 9 5 J
0.156539 9 9 6 J
0.158919 9 9 0 J
0.158919 9 9 0 J
0.160108 9 9 1 J
0.169753 9 9 3 J
0.169753 9 9 2 J
0.169753 9 9 4 J
0.169754 9 9 5 J
0.172124 9 9 6 J
0.174504 9 9 0 J
0.174504 9 9 0 J
0.175690 9 9 1 J
0.181625 9 9 3 J
0.181625 9 9 2 J
0.181625 9 9 4 J
0.181626 9 9 5 J
0.184023 9 9 6 J
0.186518 9 9 0 J
0.186518 9 9 0 J
0.187675 9 9 1 J
0.211704 9 9 3 J
0.211705 9 9 2 J
0.211705 9 9 4 J
0.211705 9 9 5 J
0.214199 9 9 6 J
0.216600 9 9 0 J
0.216600 9 9 0 J
0.217784 9 9 1 J
0.232258 9 9 3 J
0.232258 9 9 2 J
0.232259 9 9 4 J
0.232259 9 9 5 J
0.234558 9 9 6 J
0.236937 9 9 0 J
0.000056 1 1 0 B
0.000056 1 1 0 B
0.001360 1 1 1 B
0.126716 1 1 3 B
0.126716 1 1 2 B
0.126716 1 1 4 B
0.126716 1 1 5 B
0.129042 1 1 6 B
0.131418 1 1 0 B
0.131418 1 1 0 B
0.132607 1 1 1 B
0.143349 1 1 3 B
0.143349 1 1 2 B
0.143349 1 1 4 B
0.143349 1 1 5 B
0.145835 1 1 6 B
0.148238 1 1 0 B
0.148238 1 1 0 B
0.149436 1 1 1 B
0.172124 1 1 3 B
0.172124 1 1 2 B
0.172124 1 1 4 B
0.172124 1 1 5 B
0.174505 1 1 6 B
0.176883 1 1 0 B
0.176883 1 1 0 B
0.178069 1 1 1 B
0.214200 1 1 3 B
0.214200 1 1 2 B
0.214200 1 1 4 B
0.214200 1 1 5 B
0.216600 1 1 6 B
0.218968 1 1 0 B
0.218968 1 1 0 B
0.220150 1 1 1 B
0.220150 1 1 3 B
0.220151 1 1 2 B
0.220151 1 1 4 B
0.220151 1 1 5 B
0.222616 1 1 6 B
0.224991 1 1 0 B
0.224992 1 1 0 B
0.226176 1 1 1 B
0.226176 1 1 3 B
0.226176 1 1 2 B
0.226176 1 1 4 B
0.226176 1 1 5 B
0.228618 1 1 6 B
0.231066 1 1 0 B
0.231066 1 1 0 B
0.232257 1 1 1 B
0.234577 1 1 3 B
0.234578 1 1 4 B
0.234578 1 1 5 B
0.236953 1 1 6 B
0.239307 1 1 0 B
0.239308 1 1 0 B
0.240497 1 1 1 B
0.240497 1 1 3 B
0.240498 1 1 4 B
0.240498 1 1 5 B
0.242851 1 1 6 B
0.245128 1 1 0 B
0.245128 1 1 0 B
0.246312 1 1 1 B
0.246312 1 1 3 B
0.246312 1 1 4 B
0.246312 1 1 5 B
0.248666 1 1 6 B
0.251017 1 1 0 B
>>>>>>> d1e4a5817f3e49e65c5b5f2e72e31700ba46ce42
-1 15 15 7 LocalSection;Entry_Protocol1;Entry_Protocol2;Entry_Protocol3;Entry_Protocol4;Critical_Section;Exit_Protocol;EXTRA_LABEL;
