 0.007683772  1  1  0  B
 0.025876904  1  1  1  B
 0.177981553  1  1  3  B
 0.177982474  1  1  2  B
 0.219358610  1  1  4  B
 0.392237941  1  1  5  B
 0.568498047  1  1  6  B
 0.568499601  1  1  0  B
 0.618191820  1  1  1  B
 2.572240210  1  1  3  B
 2.572240321  1  1  2  B
 2.626536809  1  1  4  B
 2.811738042  1  1  5  B
 2.954681956  1  1  6  B
 2.954683226  1  1  0  B
 2.972825674  1  1  1  B
 4.815601400  1  1  3  B
 4.815601681  1  1  2  B
 4.845768884  1  1  4  B
 5.038679226  1  1  5  B
 5.213522490  1  1  6  B
 5.213523359  1  1  0  B
 5.247965913  1  1  1  B
 7.061881612  1  1  3  B
 7.061881748  1  1  2  B
 7.200549652  1  1  4  B
 7.395137641  1  1  5  B
 7.576200937  1  1  6  B
 7.576202608  1  1  0  B
 0.009456869  13  13  0  N
 0.049455250  13  13  1  N
 0.201779093  13  13  3  N
 0.201779251  13  13  2  N
 0.219362733  13  13  4  N
 2.258839398  13  13  5  N
 2.311218826  13  13  6  N
 2.311219966  13  13  0  N
 2.360108663  13  13  1  N
 2.511789205  13  13  3  N
 2.511789413  13  13  2  N
 2.626533242  13  13  4  N
 4.446278185  13  13  5  N
 4.491870088  13  13  6  N
 4.491870847  13  13  0  N
 4.518553846  13  13  1  N
 4.671126457  13  13  3  N
 4.671126673  13  13  2  N
 4.845768793  13  13  4  N
 6.848804973  13  13  5  N
 6.870005335  13  13  6  N
 6.870006568  13  13  0  N
 6.897612321  13  13  1  N
 7.050591392  13  13  3  N
 7.050591576  13  13  2  N
 7.200549651  13  13  4  N
 9.146325180  13  13  5  N
 9.196047929  13  13  6  N
 9.196049699  13  13  0  N
 0.009630181  14  14  0  O
 0.057329829  14  14  1  O
 0.219358198  14  14  3  O
 0.219358240  14  14  2  O
 0.219358402  14  14  4  O
 2.410963201  14  14  5  O
 2.432003572  14  14  6  O
 2.432004759  14  14  0  O
 2.460082138  14  14  1  O
 2.626532319  14  14  3  O
 2.626532393  14  14  2  O
 2.626532562  14  14  4  O
 4.609700588  14  14  5  O
 4.645422298  14  14  6  O
 4.645423781  14  14  0  O
 4.691367805  14  14  1  O
 4.845767893  14  14  3  O
 4.845768010  14  14  2  O
 4.845768242  14  14  4  O
 7.001060016  14  14  5  O
 7.013016734  14  14  6  O
 7.013018260  14  14  0  O
 7.042482965  14  14  1  O
 7.200548667  14  14  3  O
 7.200548826  14  14  2  O
 7.200548998  14  14  4  O
 9.298845078  14  14  5  O
 9.322811566  14  14  6  O
 9.322813157  14  14  0  O
 0.007509109  0  0  0  A
 0.023626349  0  0  1  A
 0.175935889  0  0  3  A
 0.175937197  0  0  2  A
 0.219358802  0  0  4  A
 0.219359011  0  0  5  A
 0.382035089  0  0  6  A
 0.382036663  0  0  0  A
 0.426635958  0  0  1  A
 2.522512777  0  0  3  A
 2.522512930  0  0  2  A
 2.626532956  0  0  4  A
 2.626533249  0  0  5  A
 2.811650861  0  0  6  A
 2.811652653  0  0  0  A
 2.859143930  0  0  1  A
 4.761830324  0  0  3  A
 4.761830564  0  0  2  A
 4.845773957  0  0  4  A
 4.845774150  0  0  5  A
 5.036735000  0  0  6  A
 5.036736612  0  0  0  A
 5.080100081  0  0  1  A
 7.102307808  0  0  3  A
 7.102308027  0  0  2  A
 7.200549436  0  0  4  A
 7.200549739  0  0  5  A
 7.385214813  0  0  6  A
 7.385215817  0  0  0  A
 7.416076147  0  0  1  A
 9.389838266  0  0  3  A
 9.389838455  0  0  2  A
 9.471378821  0  0  4  A
 9.471378967  0  0  5  A
 9.648676833  0  0  6  A
 9.648678386  0  0  0  A
 0.007853518  2  2  0  C
 0.041943298  2  2  1  C
 0.193925202  2  2  3  C
 0.193925343  2  2  2  C
 0.219358666  2  2  4  C
 0.576458790  2  2  5  C
 0.712661659  2  2  6  C
 0.712663259  2  2  0  C
 0.759003260  2  2  1  C
 2.441298836  2  2  3  C
 2.441300322  2  2  2  C
 2.626532819  2  2  4  C
 2.964124198  2  2  5  C
 3.118679163  2  2  6  C
 3.118680016  2  2  0  C
 3.166700338  2  2  1  C
 4.731420976  2  2  3  C
 4.731421131  2  2  2  C
 4.845768801  2  2  4  C
 5.231766132  2  2  5  C
 5.371723062  2  2  6  C
 5.371724665  2  2  0  C
 5.394338979  2  2  1  C
 7.102350074  2  2  3  C
 7.102350324  2  2  2  C
 7.200549570  2  2  4  C
 7.589135537  2  2  5  C
 7.757489573  2  2  6  C
 7.757491161  2  2  0  C
 7.806287816  2  2  1  C
 9.470665245  2  2  3  C
 9.470665488  2  2  2  C
 9.471378516  2  2  4  C
 9.666630449  2  2  5  C
 9.828478494  2  2  6  C
 9.828480406  2  2  0  C
 0.008023513  3  3  0  D
 0.031872887  3  3  1  D
 0.183863227  3  3  3  D
 0.183863411  3  3  2  D
 0.219358731  3  3  4  D
 0.740099786  3  3  5  D
 0.866629424  3  3  6  D
 0.866631086  3  3  0  D
 0.885493945  3  3  1  D
 2.575366378  3  3  3  D
 2.575366429  3  3  2  D
 2.626549116  3  3  4  D
 3.125866649  3  3  5  D
 3.282543640  3  3  6  D
 3.282544350  3  3  0  D
 3.327653358  3  3  1  D
 4.661072533  3  3  3  D
 4.661073587  3  3  2  D
 4.845768881  3  3  4  D
 5.394278488  3  3  5  D
 5.520550684  3  3  6  D
 5.520551683  3  3  0  D
 5.560494449  3  3  1  D
 7.061919846  3  3  3  D
 7.061920046  3  3  2  D
 7.200549622  3  3  4  D
 7.783284837  3  3  5  D
 7.915014301  3  3  6  D
 7.915016096  3  3  0  D
 7.942939473  3  3  1  D
 9.339529856  3  3  3  D
 9.339531351  3  3  2  D
 9.471378540  3  3  4  D
 9.831332718  3  3  5  D
 9.957903517  3  3  6  D
 9.957903923  3  3  0  D
 0.008316351  5  5  0  F
 0.048477727  5  5  1  F
 0.200468622  5  5  3  F
 0.200468776  5  5  2  F
 0.219358565  5  5  4  F
 1.054601920  5  5  5  F
 1.195396930  5  5  6  F
 1.195398650  5  5  0  F
 1.239391845  5  5  1  F
 2.585361611  5  5  3  F
 2.585361665  5  5  2  F
 2.626541240  5  5  4  F
 3.469882551  5  5  5  F
 3.576161258  5  5  6  F
 3.576162546  5  5  0  F
 3.615703632  5  5  1  F
 4.771742361  5  5  3  F
 4.771742549  5  5  2  F
 4.845776339  5  5  4  F
 5.689423665  5  5  5  F
 5.797602986  5  5  6  F
 5.797604883  5  5  0  F
 5.843591111  5  5  1  F
 7.041798557  5  5  3  F
 7.041799662  5  5  2  F
 7.200549620  5  5  4  F
 8.078216095  5  5  5  F
 8.199003539  5  5  6  F
 8.199005194  5  5  0  F
 8.244399067  5  5  1  F
 9.339580553  5  5  3  F
 9.339581654  5  5  2  F
 9.471378654  5  5  4  F
 10.127853820  5  5  5  F
 10.249689744  5  5  6  F
 10.249691736  5  5  0  F
 0.008449506  6  6  0  G
 0.049082685  6  6  1  G
 0.200938548  6  6  3  G
 0.200938713  6  6  2  G
 0.219358833  6  6  4  G
 1.248038969  6  6  5  G
 1.369400682  6  6  6  G
 1.369402084  6  6  0  G
 1.390520942  6  6  1  G
 2.572203329  6  6  3  G
 2.572203515  6  6  2  G
 2.626532777  6  6  4  G
 3.591241134  6  6  5  G
 3.717331050  6  6  6  G
 3.717332146  6  6  0  G
 3.756502204  6  6  1  G
 4.761781179  6  6  3  G
 4.761781355  6  6  2  G
 4.845772600  6  6  4  G
 5.821437339  6  6  5  G
 5.930942889  6  6  6  G
 5.930943639  6  6  0  G
 5.960657933  6  6  1  G
 7.142540914  6  6  3  G
 7.142541129  6  6  2  G
 7.200557791  6  6  4  G
 8.210245924  6  6  5  G
 8.333544966  6  6  6  G
 8.333546609  6  6  0  G
 8.382951130  6  6  1  G
 9.471377919  6  6  3  G
 9.471378169  6  6  2  G
 9.471378325  6  6  4  G
 10.260887644  6  6  5  G
 10.372969742  6  6  6  G
 10.372971281  6  6  0  G
 0.008896494  8  8  0  I
 0.049791357  8  8  1  I
 0.201738475  8  8  3  I
 0.201738636  8  8  2  I
 0.219358592  8  8  4  I
 1.575406399  8  8  5  I
 1.663674914  8  8  6  I
 1.663676792  8  8  0  I
 1.712653788  8  8  1  I
 2.504044562  8  8  3  I
 2.504044651  8  8  2  I
 2.626532943  8  8  4  I
 3.844420203  8  8  5  I
 3.934922326  8  8  6  I
 3.934923545  8  8  0  I
 3.979268384  8  8  1  I
 4.661055761  8  8  3  I
 4.661056781  8  8  2  I
 4.845768738  8  8  4  I
 6.145610705  8  8  5  I
 6.248164504  8  8  6  I
 6.248166241  8  8  0  I
 6.264981310  8  8  1  I
 7.041780386  8  8  3  I
 7.041782165  8  8  2  I
 7.200549489  8  8  4  I
 8.537143439  8  8  5  I
 8.621494092  8  8  6  I
 8.621495669  8  8  0  I
 8.652722261  8  8  1  I
 9.464086286  8  8  3  I
 9.464086414  8  8  2  I
 9.471378585  8  8  4  I
 10.507730766  8  8  5  I
 10.586806236  8  8  6  I
 10.586807852  8  8  0  I
 0.009005838  9  9  0  J
 0.034017634  9  9  1  J
 0.185976282  9  9  3  J
 0.185976480  9  9  2  J
 0.219358555  9  9  4  J
 1.749889026  9  9  5  J
 1.812344634  9  9  6  J
 1.812344965  9  9  0  J
 1.839284567  9  9  1  J
 2.521847535  9  9  3  J
 2.521847711  9  9  2  J
 2.626532815  9  9  4  J
 3.945625752  9  9  5  J
 4.007004520  9  9  6  J
 4.007005689  9  9  0  J
 4.048593893  9  9  1  J
 4.751728530  9  9  3  J
 4.751728689  9  9  2  J
 4.845768604  9  9  4  J
 6.338578419  9  9  5  J
 6.419146996  9  9  6  J
 6.419148814  9  9  0  J
 6.452641650  9  9  1  J
 7.152599398  9  9  3  J
 7.152599585  9  9  2  J
 7.200555985  9  9  4  J
 8.638631969  9  9  5  J
 8.729517217  9  9  6  J
 8.729518771  9  9  0  J
 8.759028677  9  9  1  J
 9.460598897  9  9  3  J
 9.460599113  9  9  2  J
 9.471378530  9  9  4  J
 10.610520173  9  9  5  J
 10.672476382  9  9  6  J
 10.672477612  9  9  0  J
 0.009123264  10  10  0  K
 0.028431523  10  10  1  K
 0.180519329  10  10  3  K
 0.180520270  10  10  2  K
 0.219358646  10  10  4  K
 1.892416542  10  10  5  K
 1.977727037  10  10  6  K
 1.977728269  10  10  0  K
 2.025492193  10  10  1  K
 2.451713580  10  10  3  K
 2.451713720  10  10  2  K
 2.626533240  10  10  4  K
 4.047322613  10  10  5  K
 4.098502966  10  10  6  K
 4.098504154  10  10  0  K
 4.142974969  10  10  1  K
 4.721591764  10  10  3  K
 4.721592008  10  10  2  K
 4.845768712  10  10  4  K
 6.450568263  10  10  5  K
 6.540928172  10  10  6  K
 6.540929874  10  10  0  K
 6.582379748  10  10  1  K
 7.163431939  10  10  3  K
 7.163432186  10  10  2  K
 7.200553289  10  10  4  K
 8.750520687  10  10  5  K
 8.829336473  10  10  6  K
 8.829338095  10  10  0  K
 8.851858200  10  10  1  K
 9.430212897  10  10  3  K
 9.430213033  10  10  2  K
 9.471378746  10  10  4  K
 10.722946208  10  10  5  K
 10.789766598  10  10  6  K
 10.789768262  10  10  0  K
 0.009240046  11  11  0  L
 0.053703821  11  11  1  L
 0.206152316  11  11  3  L
 0.206152534  11  11  2  L
 0.219358729  11  11  4  L
 2.014615565  11  11  5  L
 2.090856310  11  11  6  L
 2.090857971  11  11  0  L
 2.113696155  11  11  1  L
 2.562181099  11  11  3  L
 2.562181324  11  11  2  L
 2.626532840  11  11  4  L
 4.180635497  11  11  5  L
 4.233491508  11  11  6  L
 4.233492750  11  11  0  L
 4.277147948  11  11  1  L
 4.723056164  11  11  3  L
 4.723056263  11  11  2  L
 4.845768644  11  11  4  L
 6.572703569  11  11  5  L
 6.633952272  11  11  6  L
 6.633953941  11  11  0  L
 6.666891534  11  11  1  L
 7.114061062  11  11  3  L
 7.114061213  11  11  2  L
 7.200549434  11  11  4  L
 8.872411943  11  11  5  L
 8.925873983  11  11  6  L
 8.925875116  11  11  0  L
 8.939392610  11  11  1  L
 9.385638829  11  11  3  L
 9.385639025  11  11  2  L
 9.471378747  11  11  4  L
 10.846304249  11  11  5  L
 10.919956335  11  11  6  L
 10.919957883  11  11  0  L
 0.009352716  12  12  0  M
 0.037461940  12  12  1  M
 0.189529768  12  12  3  M
 0.189529969  12  12  2  M
 0.219358575  12  12  4  M
 2.116615876  12  12  5  M
 2.179731339  12  12  6  M
 2.179732585  12  12  0  M
 2.212819062  12  12  1  M
 2.519139428  12  12  3  M
 2.519139636  12  12  2  M
 2.626532953  12  12  4  M
 4.303678360  12  12  5  M
 4.338900365  12  12  6  M
 4.338901686  12  12  0  M
 4.369226063  12  12  1  M
 4.673544855  12  12  3  M
 4.673544955  12  12  2  M
 4.845768833  12  12  4  M
 6.705931923  12  12  5  M
 6.739019319  12  12  6  M
 6.739020846  12  12  0  M
 6.773989095  12  12  1  M
 7.080910849  12  12  3  M
 7.080911087  12  12  2  M
 7.200549550  12  12  4  M
 9.003912598  12  12  5  M
 9.047508120  12  12  6  M
 9.047509634  12  12  0  M
 9.097570276  12  12  1  M
 9.403110015  12  12  3  M
 9.403110221  12  12  2  M
 9.471378592  12  12  4  M
 10.979608182  12  12  5  M
 11.043069450  12  12  6  M
 11.043071125  12  12  0  M
 0.008174095  4  4  0  E
 0.056811706  4  4  1  E
 0.212369119  4  4  3  E
 0.212369292  4  4  2  E
 0.219369465  4  4  4  E
 0.892053078  4  4  5  E
 1.013587163  4  4  6  E
 1.013588840  4  4  0  E
 1.062321556  4  4  1  E
 2.451352819  4  4  3  E
 2.451353007  4  4  2  E
 2.626532858  4  4  4  E
 3.307782671  4  4  5  E
 3.422927956  4  4  6  E
 3.422929429  4  4  0  E
 3.440940166  4  4  1  E
 4.661004788  4  4  3  E
 4.661006542  4  4  2  E
 4.845768800  4  4  4  E
 5.526348568  4  4  5  E
 5.677821692  4  4  6  E
 5.677823284  4  4  0  E
 5.698518396  4  4  1  E
 7.164377483  4  4  3  E
 7.164377733  4  4  2  E
 7.200549438  4  4  4  E
 7.915566343  4  4  5  E
 8.056847814  4  4  6  E
 8.056849361  4  4  0  E
 8.077512638  4  4  1  E
 9.450572355  4  4  3  E
 9.450572588  4  4  2  E
 9.471378630  4  4  4  E
 9.964996002  4  4  5  E
 10.097017706  4  4  6  E
 10.097018877  4  4  0  E
 10.121204141  4  4  1  E
 11.099332768  4  4  3  E
 11.099333996  4  4  2  E
 11.174928186  4  4  4  E
 11.216161837  4  4  5  E
 11.340261837  4  4  6  E
 11.340263425  4  4  0  E
 0.008784489  7  7  0  H
 0.056032915  7  7  1  H
 0.208361686  7  7  3  H
 0.208361777  7  7  2  H
 0.219363160  7  7  4  H
 1.401822449  7  7  5  H
 1.505232683  7  7  6  H
 1.505234227  7  7  0  H
 1.516697612  7  7  1  H
 2.482307996  7  7  3  H
 2.482308202  7  7  2  H
 2.626532944  7  7  4  H
 3.743166125  7  7  5  H
 3.830252583  7  7  6  H
 3.830254199  7  7  0  H
 3.854575670  7  7  1  H
 4.818654736  7  7  3  H
 4.818654854  7  7  2  H
 4.845768499  7  7  4  H
 5.973256301  7  7  5  H
 6.089149376  7  7  6  H
 6.089151143  7  7  0  H
 6.127591526  7  7  1  H
 7.132353270  7  7  3  H
 7.132356829  7  7  2  H
 7.200549451  7  7  4  H
 8.364612311  7  7  5  H
 8.467464459  7  7  6  H
 8.467465668  7  7  0  H
 8.513980567  7  7  1  H
 9.399967905  7  7  3  H
 9.399968033  7  7  2  H
 9.471378758  7  7  4  H
 10.415192568  7  7  5  H
 10.506085703  7  7  6  H
 10.506087353  7  7  0  H
 10.549644216  7  7  1  H
 11.174927570  7  7  3  H
 11.174927779  7  7  2  H
 11.174927886  7  7  4  H
 11.402148573  7  7  5  H
 11.515395724  7  7  6  H
 11.515397379  7  7  0  H
-1  15  15  7 LOCAL_SECTION;ENTRY_PROTOCOL_1;ENTRY_PROTOCOL_2;ENTRY_PROTOCOL_3;ENTRY_PROTOCOL_4;CRITICAL_SECTION;EXIT_PROTOCOL;
