 0.012629514  11  11  0  L
 0.034490010  11  11  1  L
 0.180432385  11  11  2  L
 0.212025360  11  11  3  L
 0.212025796  11  11  0  L
 0.255524966  11  11  1  L
 0.618717039  11  11  2  L
 0.637798590  11  11  3  L
 0.637799027  11  11  0  L
 0.674149932  11  11  1  L
 1.047061564  11  11  2  L
 1.079337448  11  11  3  L
 1.079337961  11  11  0  L
 1.111699796  11  11  1  L
 1.525480003  11  11  2  L
 1.563137323  11  11  3  L
 1.563137910  11  11  0  L
 1.606976742  11  11  1  L
 2.133078342  11  11  2  L
 2.152842431  11  11  3  L
 2.152842922  11  11  0  L
 2.188658641  11  11  1  L
 2.648387664  11  11  2  L
 2.681905241  11  11  3  L
 2.681905721  11  11  0  L
 2.701993170  11  11  1  L
 3.096099423  11  11  2  L
 3.111831788  11  11  3  L
 3.111832246  11  11  0  L
 3.155957033  11  11  1  L
 3.588494331  11  11  2  L
 3.622358266  11  11  3  L
 3.622358586  11  11  0  L
 3.658560032  11  11  1  L
 4.090066993  11  11  2  L
 4.103082609  11  11  3  L
 4.103083068  11  11  0  L
 4.142630889  11  11  1  L
 4.518422794  11  11  2  L
 4.535294792  11  11  3  L
 4.535295325  11  11  0  L
 4.582968798  11  11  1  L
 5.012970293  11  11  2  L
 5.065839806  11  11  3  L
 5.065840339  11  11  0  L
 5.105380261  11  11  1  L
 5.494442975  11  11  2  L
 5.521506879  11  11  3  L
 5.521507316  11  11  0  L
 5.534327972  11  11  1  L
 5.979860829  11  11  2  L
 6.014075240  11  11  3  L
 6.014075656  11  11  0  L
 6.066763121  11  11  1  L
 6.386089756  11  11  2  L
 6.398000683  11  11  3  L
 6.398001152  11  11  0  L
 0.012664829  12  12  0  M
 0.044918955  12  12  1  M
 0.289803460  12  12  2  M
 0.337437987  12  12  3  M
 0.337438592  12  12  0  M
 0.377913608  12  12  1  M
 0.755075189  12  12  2  M
 0.768392820  12  12  3  M
 0.768393332  12  12  0  M
 0.805204446  12  12  1  M
 1.202822457  12  12  2  M
 1.238357460  12  12  3  M
 1.238358111  12  12  0  M
 1.281388690  12  12  1  M
 1.723297584  12  12  2  M
 1.758507069  12  12  3  M
 1.758507496  12  12  0  M
 1.802353494  12  12  1  M
 2.294428054  12  12  2  M
 2.333795315  12  12  3  M
 2.333795709  12  12  0  M
 2.368203277  12  12  1  M
 2.811700408  12  12  2  M
 2.829582502  12  12  3  M
 2.829582961  12  12  0  M
 2.856720246  12  12  1  M
 3.288984422  12  12  2  M
 3.313631959  12  12  3  M
 3.313632471  12  12  0  M
 3.360110865  12  12  1  M
 3.797000384  12  12  2  M
 3.832616969  12  12  3  M
 3.832617470  12  12  0  M
 3.882686082  12  12  1  M
 4.291417660  12  12  2  M
 4.329842295  12  12  3  M
 4.329842786  12  12  0  M
 4.375194121  12  12  1  M
 4.686362705  12  12  2  M
 4.722734111  12  12  3  M
 4.722734901  12  12  0  M
 4.763102829  12  12  1  M
 5.228557081  12  12  2  M
 5.243055132  12  12  3  M
 5.243055473  12  12  0  M
 5.291679024  12  12  1  M
 5.692663887  12  12  2  M
 5.734318973  12  12  3  M
 5.734319378  12  12  0  M
 5.745728897  12  12  1  M
 6.148502212  12  12  2  M
 6.173723714  12  12  3  M
 6.173724034  12  12  0  M
 6.211039661  12  12  1  M
 6.625720143  12  12  2  M
 6.652979334  12  12  3  M
 6.652979921  12  12  0  M
 0.012297709  1  1  0  B
 0.043416174  1  1  1  B
 0.257956255  1  1  2  B
 0.270374534  1  1  3  B
 0.270374980  1  1  0  B
 0.313097388  1  1  1  B
 0.708575038  1  1  2  B
 0.732336262  1  1  3  B
 0.732336763  1  1  0  B
 0.747720170  1  1  1  B
 1.150445039  1  1  2  B
 1.167355060  1  1  3  B
 1.167355604  1  1  0  B
 1.182078594  1  1  1  B
 1.661046097  1  1  2  B
 1.674563119  1  1  3  B
 1.674563514  1  1  0  B
 1.693154943  1  1  1  B
 2.192249878  1  1  2  B
 2.206064867  1  1  3  B
 2.206065176  1  1  0  B
 2.220260116  1  1  1  B
 2.699450979  1  1  2  B
 2.743591195  1  1  3  B
 2.743602973  1  1  0  B
 2.771327104  1  1  1  B
 3.145782507  1  1  2  B
 3.192152122  1  1  3  B
 3.192152410  1  1  0  B
 3.237252944  1  1  1  B
 3.653160734  1  1  2  B
 3.690877274  1  1  3  B
 3.690877893  1  1  0  B
 3.733475440  1  1  1  B
 4.142148589  1  1  2  B
 4.172851788  1  1  3  B
 4.172852385  1  1  0  B
 4.204224020  1  1  1  B
 4.562252550  1  1  2  B
 4.605504693  1  1  3  B
 4.605505291  1  1  0  B
 4.622634253  1  1  1  B
 5.119213541  1  1  2  B
 5.134707049  1  1  3  B
 5.134707444  1  1  0  B
 5.184684170  1  1  1  B
 5.567320475  1  1  2  B
 5.601676105  1  1  3  B
 5.601676606  1  1  0  B
 5.638318784  1  1  1  B
 6.037537276  1  1  2  B
 6.065837283  1  1  3  B
 6.065837742  1  1  0  B
 6.078685627  1  1  1  B
 6.398137702  1  1  2  B
 6.417124473  1  1  3  B
 6.417124868  1  1  0  B
 6.429895444  1  1  1  B
 6.841813032  1  1  2  B
 6.860673473  1  1  3  B
 6.860673964  1  1  0  B
 0.012465241  6  6  0  G
 0.029527493  6  6  1  G
 0.114710411  6  6  2  G
 0.143700007  6  6  3  G
 0.143700496  6  6  0  G
 0.163262304  6  6  1  G
 0.555102481  6  6  2  G
 0.602223903  6  6  3  G
 0.602224394  6  6  0  G
 0.628876985  6  6  1  G
 0.972973577  6  6  2  G
 0.995818414  6  6  3  G
 0.995818884  6  6  0  G
 1.009460416  6  6  1  G
 1.398301152  6  6  2  G
 1.444091850  6  6  3  G
 1.444092255  6  6  0  G
 1.474867123  6  6  1  G
 2.012312488  6  6  2  G
 2.041674308  6  6  3  G
 2.041674980  6  6  0  G
 2.082243122  6  6  1  G
 2.549731368  6  6  2  G
 2.591972564  6  6  3  G
 2.591973204  6  6  0  G
 2.623083838  6  6  1  G
 3.006868488  6  6  2  G
 3.048506636  6  6  3  G
 3.048507052  6  6  0  G
 3.066069287  6  6  1  G
 3.516986418  6  6  2  G
 3.546789277  6  6  3  G
 3.546789725  6  6  0  G
 3.564354808  6  6  1  G
 4.007923345  6  6  2  G
 4.023512468  6  6  3  G
 4.023512916  6  6  0  G
 4.065847297  6  6  1  G
 4.465250247  6  6  2  G
 4.500784745  6  6  3  G
 4.500785182  6  6  0  G
 4.512083132  6  6  1  G
 4.953765438  6  6  2  G
 4.995134874  6  6  3  G
 4.995135354  6  6  0  G
 5.028216852  6  6  1  G
 5.448507347  6  6  2  G
 5.460312868  6  6  3  G
 5.460313220  6  6  0  G
 5.481256373  6  6  1  G
 5.895589012  6  6  2  G
 5.943101741  6  6  3  G
 5.943102477  6  6  0  G
 5.961200544  6  6  1  G
 6.316421584  6  6  2  G
 6.358581326  6  6  3  G
 6.358581635  6  6  0  G
 6.405713991  6  6  1  G
 6.721379397  6  6  2  G
 6.747509438  6  6  3  G
 6.747509971  6  6  0  G
 6.772382229  6  6  1  G
 7.148561267  6  6  2  G
 7.182034292  6  6  3  G
 7.182034740  6  6  0  G
 0.012400523  4  4  0  E
 0.061071814  4  4  1  E
 0.444748399  4  4  2  E
 0.470273281  4  4  3  E
 0.470273610  4  4  0  E
 0.503723325  4  4  1  E
 0.870060109  4  4  2  E
 0.890637452  4  4  3  E
 0.890637879  4  4  0  E
 0.903460437  4  4  1  E
 1.326515654  4  4  2  E
 1.342964865  4  4  3  E
 1.342965345  4  4  0  E
 1.353276547  4  4  1  E
 1.847061226  4  4  2  E
 1.887241500  4  4  3  E
 1.887241841  4  4  0  E
 1.928167020  4  4  1  E
 2.406058000  4  4  2  E
 2.454893909  4  4  3  E
 2.454894858  4  4  0  E
 2.486374272  4  4  1  E
 2.877432628  4  4  2  E
 2.889056156  4  4  3  E
 2.889056679  4  4  0  E
 2.918371313  4  4  1  E
 3.373210461  4  4  2  E
 3.420764298  4  4  3  E
 3.420764746  4  4  0  E
 3.467076528  4  4  1  E
 3.871442771  4  4  2  E
 3.897154529  4  4  3  E
 3.897154860  4  4  0  E
 3.945262753  4  4  1  E
 4.366219142  4  4  2  E
 4.377652683  4  4  3  E
 4.377653045  4  4  0  E
 4.413257694  4  4  1  E
 4.810655304  4  4  2  E
 4.857455751  4  4  3  E
 4.857456305  4  4  0  E
 4.906921064  4  4  1  E
 5.346480877  4  4  2  E
 5.392978816  4  4  3  E
 5.392979328  4  4  0  E
 5.404880597  4  4  1  E
 5.857302670  4  4  2  E
 5.870849614  4  4  3  E
 5.870849998  4  4  0  E
 5.884369446  4  4  1  E
 6.257451856  4  4  2  E
 6.290148605  4  4  3  E
 6.290149042  4  4  0  E
 6.337183940  4  4  1  E
 6.696336659  4  4  2  E
 6.707764006  4  4  3  E
 6.707764454  4  4  0  E
 6.727638169  4  4  1  E
 7.078326875  4  4  2  E
 7.117495965  4  4  3  E
 7.117496392  4  4  0  E
 7.164736310  4  4  1  E
 7.413868697  4  4  2  E
 7.435107670  4  4  3  E
 7.435108150  4  4  0  E
 0.012595683  10  10  0  K
 0.032354042  10  10  1  K
 0.144252308  10  10  2  K
 0.180095472  10  10  3  K
 0.180096035  10  10  0  K
 0.194759855  10  10  1  K
 0.602803677  10  10  2  K
 0.618151691  10  10  3  K
 0.618152192  10  10  0  K
 0.667345879  10  10  1  K
 0.996957774  10  10  2  K
 1.046956429  10  10  3  K
 1.046956834  10  10  0  K
 1.072055623  10  10  1  K
 1.475305214  10  10  2  K
 1.525093152  10  10  3  K
 1.525093525  10  10  0  K
 1.574561038  10  10  1  K
 2.081140581  10  10  2  K
 2.132415990  10  10  3  K
 2.132416502  10  10  0  K
 2.165550606  10  10  1  K
 2.619525637  10  10  2  K
 2.648009915  10  10  3  K
 2.648010523  10  10  0  K
 2.670040757  10  10  1  K
 3.062201967  10  10  2  K
 3.095144259  10  10  3  K
 3.095144654  10  10  0  K
 3.117734784  10  10  1  K
 3.576855936  10  10  2  K
 3.587808842  10  10  3  K
 3.587810080  10  10  0  K
 3.617882466  10  10  1  K
 4.042340988  10  10  2  K
 4.089392956  10  10  3  K
 4.089393393  10  10  0  K
 4.115116988  10  10  1  K
 4.501260350  10  10  2  K
 4.517849891  10  10  3  K
 4.517850296  10  10  0  K
 4.559904549  10  10  1  K
 4.995818680  10  10  2  K
 5.012162948  10  10  3  K
 5.012163598  10  10  0  K
 5.053956463  10  10  1  K
 5.460901869  10  10  2  K
 5.493615873  10  10  3  K
 5.493616278  10  10  0  K
 5.508005760  10  10  1  K
 5.962425403  10  10  2  K
 5.978772189  10  10  3  K
 5.978772626  10  10  0  K
 5.989496348  10  10  1  K
 6.358631779  10  10  2  K
 6.372515766  10  10  3  K
 6.372516182  10  10  0  K
 6.414416122  10  10  1  K
 6.748617119  10  10  2  K
 6.792855999  10  10  3  K
 6.792857268  10  10  0  K
 6.825439446  10  10  1  K
 7.183078805  10  10  2  K
 7.194753985  10  10  3  K
 7.194754358  10  10  0  K
 7.224781487  10  10  1  K
 7.471626397  10  10  2  K
 7.487358470  10  10  3  K
 7.487359206  10  10  0  K
 0.012496395  7  7  0  H
 0.043135680  7  7  1  H
 0.240337586  7  7  2  H
 0.257042828  7  7  3  H
 0.257043178  7  7  0  H
 0.278133410  7  7  1  H
 0.638007474  7  7  2  H
 0.663320056  7  7  3  H
 0.663320430  7  7  0  H
 0.682546083  7  7  1  H
 1.080068614  7  7  2  H
 1.105469445  7  7  3  H
 1.105469947  7  7  0  H
 1.151129966  7  7  1  H
 1.564102417  7  7  2  H
 1.614217597  7  7  3  H
 1.614218024  7  7  0  H
 1.661278633  7  7  1  H
 2.153629348  7  7  2  H
 2.191525329  7  7  3  H
 2.191525788  7  7  0  H
 2.218353002  7  7  1  H
 2.682953441  7  7  2  H
 2.699222101  7  7  3  H
 2.699222656  7  7  0  H
 2.745687563  7  7  1  H
 3.112634350  7  7  2  H
 3.144892050  7  7  3  H
 3.144892508  7  7  0  H
 3.187478322  7  7  1  H
 3.622713322  7  7  2  H
 3.652412822  7  7  3  H
 3.652413185  7  7  0  H
 3.672762473  7  7  1  H
 4.103163836  7  7  2  H
 4.141718458  7  7  3  H
 4.141718874  7  7  0  H
 4.190386047  7  7  1  H
 4.536031562  7  7  2  H
 4.561393873  7  7  3  H
 4.561394257  7  7  0  H
 4.611277653  7  7  1  H
 5.066081579  7  7  2  H
 5.119004009  7  7  3  H
 5.119004542  7  7  0  H
 5.170800785  7  7  1  H
 5.521691237  7  7  2  H
 5.566845649  7  7  3  H
 5.566846983  7  7  0  H
 5.601995805  7  7  1  H
 6.014106800  7  7  2  H
 6.036561535  7  7  3  H
 6.036562025  7  7  0  H
 6.084338050  7  7  1  H
 6.417868160  7  7  2  H
 6.465153335  7  7  3  H
 6.465153847  7  7  0  H
 6.494401750  7  7  1  H
 6.861113986  7  7  2  H
 6.909696195  7  7  3  H
 6.909696878  7  7  0  H
 6.937366106  7  7  1  H
 7.227086709  7  7  2  H
 7.270985802  7  7  3  H
 7.270986324  7  7  0  H
 7.303666165  7  7  1  H
 7.509159378  7  7  2  H
 7.544913454  7  7  3  H
 7.544913912  7  7  0  H
 0.012727732  14  14  0  O
 0.056680889  14  14  1  O
 0.412985142  14  14  2  O
 0.444517933  14  14  3  O
 0.444518315  14  14  0  O
 0.457525954  14  14  1  O
 0.823937458  14  14  2  O
 0.869735920  14  14  3  O
 0.869736251  14  14  0  O
 0.880766112  14  14  1  O
 1.292986299  14  14  2  O
 1.326511084  14  14  3  O
 1.326511521  14  14  0  O
 1.360893911  14  14  1  O
 1.888025116  14  14  2  O
 1.914398777  14  14  3  O
 1.914399171  14  14  0  O
 1.934330425  14  14  1  O
 2.455344845  14  14  2  O
 2.481733246  14  14  3  O
 2.481733907  14  14  0  O
 2.505578266  14  14  1  O
 2.889397180  14  14  2  O
 2.927809283  14  14  3  O
 2.927809678  14  14  0  O
 2.956574894  14  14  1  O
 3.420930915  14  14  2  O
 3.443369476  14  14  3  O
 3.443370212  14  14  0  O
 3.474452351  14  14  1  O
 3.897367426  14  14  2  O
 3.915034756  14  14  3  O
 3.915035471  14  14  0  O
 3.926431698  14  14  1  O
 4.351513936  14  14  2  O
 4.365563616  14  14  3  O
 4.365564128  14  14  0  O
 4.396908155  14  14  1  O
 4.773012805  14  14  2  O
 4.809821912  14  14  3  O
 4.809822648  14  14  0  O
 4.844117760  14  14  1  O
 5.291915774  14  14  2  O
 5.307660168  14  14  3  O
 5.307661117  14  14  0  O
 5.324120082  14  14  1  O
 5.786141054  14  14  2  O
 5.825703501  14  14  3  O
 5.825703907  14  14  0  O
 5.857317481  14  14  1  O
 6.185804589  14  14  2  O
 6.210083275  14  14  3  O
 6.210083723  14  14  0  O
 6.221050287  14  14  1  O
 6.653148568  14  14  2  O
 6.666507940  14  14  3  O
 6.666508452  14  14  0  O
 6.713407845  14  14  1  O
 7.066325311  14  14  2  O
 7.077778349  14  14  3  O
 7.077778861  14  14  0  O
 7.116988835  14  14  1  O
 7.394739824  14  14  2  O
 7.412737050  14  14  3  O
 7.412737508  14  14  0  O
 7.443332033  14  14  1  O
 7.716059365  14  14  2  O
 7.730479629  14  14  3  O
 7.730480131  14  14  0  O
 0.012561739  9  9  0  J
 0.027912900  9  9  1  J
 0.096207847  9  9  2  J
 0.114433571  9  9  3  J
 0.114434112  9  9  0  J
 0.157829842  9  9  1  J
 0.508462004  9  9  2  J
 0.553973755  9  9  3  J
 0.553974180  9  9  0  J
 0.581189422  9  9  1  J
 0.948629696  9  9  2  J
 0.972626309  9  9  3  J
 0.972626971  9  9  0  J
 1.018645104  9  9  1  J
 1.444098218  9  9  2  J
 1.474286722  9  9  3  J
 1.474287074  9  9  0  J
 1.519955293  9  9  1  J
 2.041829938  9  9  2  J
 2.080915652  9  9  3  J
 2.080916014  9  9  0  J
 2.119646662  9  9  1  J
 2.592898996  9  9  2  J
 2.618663538  9  9  3  J
 2.618664093  9  9  0  J
 2.632978171  9  9  1  J
 3.048732538  9  9  2  J
 3.061212419  9  9  3  J
 3.061212974  9  9  0  J
 3.072689717  9  9  1  J
 3.547635320  9  9  2  J
 3.576843078  9  9  3  J
 3.576843633  9  9  0  J
 3.589401581  9  9  1  J
 4.023915709  9  9  2  J
 4.042278298  9  9  3  J
 4.042278767  9  9  0  J
 4.058163418  9  9  1  J
 4.432152209  9  9  2  J
 4.464164755  9  9  3  J
 4.464165160  9  9  0  J
 4.482959120  9  9  1  J
 4.922127136  9  9  2  J
 4.952983173  9  9  3  J
 4.952984208  9  9  0  J
 4.963497424  9  9  1  J
 5.393999243  9  9  2  J
 5.429669724  9  9  3  J
 5.429670162  9  9  0  J
 5.471636753  9  9  1  J
 5.870875878  9  9  2  J
 5.895059570  9  9  3  J
 5.895059996  9  9  0  J
 5.926975505  9  9  1  J
 6.290283398  9  9  2  J
 6.315696087  9  9  3  J
 6.315696535  9  9  0  J
 6.360770291  9  9  1  J
 6.708859318  9  9  2  J
 6.720731878  9  9  3  J
 6.720732379  9  9  0  J
 6.731457787  9  9  1  J
 7.117542771  9  9  2  J
 7.147737686  9  9  3  J
 7.147738113  9  9  0  J
 7.189197110  9  9  1  J
 7.435814767  9  9  2  J
 7.471307287  9  9  3  J
 7.471307746  9  9  0  J
 7.513579723  9  9  1  J
 7.730841314  9  9  2  J
 7.780391655  9  9  3  J
 7.780392209  9  9  0  J
 0.012331145  2  2  0  C
 0.041112579  2  2  1  C
 0.212981463  2  2  2  C
 0.240091466  2  2  3  C
 0.240091764  2  2  0  C
 0.286464084  2  2  1  C
 0.664001505  2  2  2  C
 0.707866279  2  2  3  C
 0.707866727  2  2  0  C
 0.735236193  2  2  1  C
 1.106175504  2  2  2  C
 1.149497611  2  2  3  C
 1.149497931  2  2  0  C
 1.172548344  2  2  1  C
 1.614903477  2  2  2  C
 1.660263348  2  2  3  C
 1.660263775  2  2  0  C
 1.705452016  2  2  1  C
 2.206888360  2  2  2  C
 2.249669150  2  2  3  C
 2.249669726  2  2  0  C
 2.297789405  2  2  1  C
 2.744631710  2  2  2  C
 2.791454031  2  2  3  C
 2.791454757  2  2  0  C
 2.836354154  2  2  1  C
 3.192449058  2  2  2  C
 3.240028190  2  2  3  C
 3.240028617  2  2  0  C
 3.282496368  2  2  1  C
 3.691868391  2  2  2  C
 3.734604866  2  2  3  C
 3.734605357  2  2  0  C
 3.775707683  2  2  1  C
 4.173237206  2  2  2  C
 4.214562943  2  2  3  C
 4.214563348  2  2  0  C
 4.256134451  2  2  1  C
 4.605760902  2  2  2  C
 4.630772837  2  2  3  C
 4.630773359  2  2  0  C
 4.682429667  2  2  1  C
 5.135366126  2  2  2  C
 5.163898552  2  2  3  C
 5.163899789  2  2  0  C
 5.189612580  2  2  1  C
 5.602595346  2  2  2  C
 5.636954912  2  2  3  C
 5.636955605  2  2  0  C
 5.690035234  2  2  1  C
 6.066382844  2  2  2  C
 6.082567379  2  2  3  C
 6.082567828  2  2  0  C
 6.098252647  2  2  1  C
 6.465526882  2  2  2  C
 6.507355267  2  2  3  C
 6.507355725  2  2  0  C
 6.519126159  2  2  1  C
 6.910141656  2  2  2  C
 6.944654895  2  2  3  C
 6.944655386  2  2  0  C
 6.992076139  2  2  1  C
 7.272038966  2  2  2  C
 7.310945289  2  2  3  C
 7.310945812  2  2  0  C
 7.361562807  2  2  1  C
 7.545964520  2  2  2  C
 7.567510496  2  2  3  C
 7.567511083  2  2  0  C
 7.602006023  2  2  1  C
 7.803613177  2  2  2  C
 7.828988387  2  2  3  C
 7.828988867  2  2  0  C
 0.012265196  0  0  0  A
 0.023699752  0  0  1  A
 0.023701822  0  0  2  A
 0.050242675  0  0  3  A
 0.050243068  0  0  0  A
 0.081584063  0  0  1  A
 0.471238377  0  0  2  A
 0.492199131  0  0  3  A
 0.492199577  0  0  0  A
 0.529797212  0  0  1  A
 0.907991870  0  0  2  A
 0.948097537  0  0  3  A
 0.948098017  0  0  0  A
 0.992366915  0  0  1  A
 1.382155067  0  0  2  A
 1.398023882  0  0  3  A
 1.398024309  0  0  0  A
 1.430366324  0  0  1  A
 1.963058597  0  0  2  A
 2.011537286  0  0  3  A
 2.011537595  0  0  0  A
 2.033277533  0  0  1  A
 2.515074580  0  0  2  A
 2.549016780  0  0  3  A
 2.549017452  0  0  0  A
 2.579803928  0  0  1  A
 2.961591894  0  0  2  A
 3.005996574  0  0  3  A
 3.005997076  0  0  0  A
 3.055062403  0  0  1  A
 3.470212445  0  0  2  A
 3.516182335  0  0  3  A
 3.516183050  0  0  0  A
 3.556896217  0  0  1  A
 3.968571041  0  0  2  A
 4.007331240  0  0  3  A
 4.007331720  0  0  0  A
 4.022838757  0  0  1  A
 4.392222800  0  0  2  A
 4.431525156  0  0  3  A
 4.431525626  0  0  0  A
 4.461746613  0  0  1  A
 4.871078559  0  0  2  A
 4.921335134  0  0  3  A
 4.921335635  0  0  0  A
 4.965149922  0  0  1  A
 5.430795613  0  0  2  A
 5.447521683  0  0  3  A
 5.447522121  0  0  0  A
 5.497393935  0  0  1  A
 5.943339846  0  0  2  A
 5.961821882  0  0  3  A
 5.961822202  0  0  0  A
 5.999768247  0  0  1  A
 6.373542772  0  0  2  A
 6.385022827  0  0  3  A
 6.385023233  0  0  0  A
 6.429160699  0  0  1  A
 6.793571086  0  0  2  A
 6.840853730  0  0  3  A
 6.840854466  0  0  0  A
 6.865698813  0  0  1  A
 7.195758117  0  0  2  A
 7.226381058  0  0  3  A
 7.226381495  0  0  0  A
 7.260260876  0  0  1  A
 7.487785363  0  0  2  A
 7.508670036  0  0  3  A
 7.508670527  0  0  0  A
 7.554816333  0  0  1  A
 7.781014436  0  0  2  A
 7.803186501  0  0  3  A
 7.803186971  0  0  0  A
 7.838952543  0  0  1  A
 7.940376816  0  0  2  A
 7.953853161  0  0  3  A
 7.953853620  0  0  0  A
 0.012529311  8  8  0  I
 0.045948334  8  8  1  I
 0.378371485  8  8  2  I
 0.412891226  8  8  3  I
 0.412891704  8  8  0  I
 0.435287275  8  8  1  I
 0.791764587  8  8  2  I
 0.823778438  8  8  3  I
 0.823778886  8  8  0  I
 0.866828184  8  8  1  I
 1.273590125  8  8  2  I
 1.292440142  8  8  3  I
 1.292440536  8  8  0  I
 1.310574648  8  8  1  I
 1.809025826  8  8  2  I
 1.846254153  8  8  3  I
 1.846254590  8  8  0  I
 1.896180847  8  8  1  I
 2.371606605  8  8  2  I
 2.405651880  8  8  3  I
 2.405652477  8  8  0  I
 2.420962633  8  8  1  I
 2.848990569  8  8  2  I
 2.877220096  8  8  3  I
 2.877220939  8  8  0  I
 2.896035431  8  8  1  I
 3.332242698  8  8  2  I
 3.372915687  8  8  3  I
 3.372916135  8  8  0  I
 3.384166953  8  8  1  I
 3.833413114  8  8  2  I
 3.871437236  8  8  3  I
 3.871437791  8  8  0  I
 3.883766264  8  8  1  I
 4.330872587  8  8  2  I
 4.350688281  8  8  3  I
 4.350688889  8  8  0  I
 4.389299124  8  8  1  I
 4.723150385  8  8  2  I
 4.772965165  8  8  3  I
 4.772965848  8  8  0  I
 4.826306402  8  8  1  I
 5.243241084  8  8  2  I
 5.291904131  8  8  3  I
 5.291904590  8  8  0  I
 5.316855768  8  8  1  I
 5.735036232  8  8  2  I
 5.785414834  8  8  3  I
 5.785415399  8  8  0  I
 5.796845337  8  8  1  I
 6.173896537  8  8  2  I
 6.184895832  8  8  3  I
 6.184896354  8  8  0  I
 6.206971376  8  8  1  I
 6.572890039  8  8  2  I
 6.625086437  8  8  3  I
 6.625086928  8  8  0  I
 6.670359411  8  8  1  I
 7.016966557  8  8  2  I
 7.052621701  8  8  3  I
 7.052622213  8  8  0  I
 7.071874624  8  8  1  I
 7.341420490  8  8  2  I
 7.359489031  8  8  3  I
 7.359489469  8  8  0  I
 7.400128226  8  8  1  I
 7.624564379  8  8  2  I
 7.665825849  8  8  3  I
 7.665826340  8  8  0  I
 7.709402775  8  8  1  I
 7.883930674  8  8  2  I
 7.916875484  8  8  3  I
 7.916875954  8  8  0  I
 7.940724880  8  8  1  I
 8.025976052  8  8  2  I
 8.061760574  8  8  3  I
 8.061761075  8  8  0  I
 0.012368063  3  3  0  D
 0.044449254  3  3  1  D
 0.270757294  3  3  2  D
 0.289161984  3  3  3  D
 0.289162483  3  3  0  D
 0.330707385  3  3  1  D
 0.733024140  3  3  2  D
 0.754158818  3  3  3  D
 0.754159223  3  3  0  D
 0.771055461  3  3  1  D
 1.167484334  3  3  2  D
 1.202641431  3  3  3  D
 1.202641816  3  3  0  D
 1.243537042  3  3  1  D
 1.674664345  3  3  2  D
 1.723023948  3  3  3  D
 1.723024258  3  3  0  D
 1.734358328  3  3  1  D
 2.250624103  3  3  2  D
 2.293943511  3  3  3  D
 2.293943916  3  3  0  D
 2.304244323  3  3  1  D
 2.792119657  3  3  2  D
 2.811526060  3  3  3  D
 2.811526637  3  3  0  D
 2.838676751  3  3  1  D
 3.241078817  3  3  2  D
 3.288114449  3  3  3  D
 3.288114919  3  3  0  D
 3.299506665  3  3  1  D
 3.735263025  3  3  2  D
 3.756196694  3  3  3  D
 3.756197121  3  3  0  D
 3.780127696  3  3  1  D
 4.215285566  3  3  2  D
 4.243065631  3  3  3  D
 4.243066111  3  3  0  D
 4.288696583  3  3  1  D
 4.631857661  3  3  2  D
 4.647355989  3  3  3  D
 4.647356490  3  3  0  D
 4.684018689  3  3  1  D
 5.164447968  3  3  2  D
 5.193082985  3  3  3  D
 5.193083443  3  3  0  D
 5.224189716  3  3  1  D
 5.637604735  3  3  2  D
 5.660499860  3  3  3  D
 5.660500436  3  3  0  D
 5.701176951  3  3  1  D
 6.082734779  3  3  2  D
 6.101482044  3  3  3  D
 6.101482428  3  3  0  D
 6.116640522  3  3  1  D
 6.507837768  3  3  2  D
 6.524601169  3  3  3  D
 6.524601478  3  3  0  D
 6.544487943  3  3  1  D
 6.945353964  3  3  2  D
 6.971508270  3  3  3  D
 6.971508718  3  3  0  D
 7.011087178  3  3  1  D
 7.311263534  3  3  2  D
 7.326460461  3  3  3  D
 7.326460952  3  3  0  D
 7.367473475  3  3  1  D
 7.568407357  3  3  2  D
 7.580581123  3  3  3  D
 7.580581613  3  3  0  D
 7.604521618  3  3  1  D
 7.830061609  3  3  2  D
 7.855012532  3  3  3  D
 7.855013055  3  3  0  D
 7.895065593  3  3  1  D
 7.954323715  3  3  2  D
 7.987784211  3  3  3  D
 7.987784830  3  3  0  D
 8.034303327  3  3  1  D
 8.082115315  3  3  2  D
 8.119901296  3  3  3  D
 8.119901893  3  3  0  D
 0.012433174  5  5  0  F
 0.045411626  5  5  1  F
 0.337728287  5  5  2  F
 0.377607300  5  5  3  F
 0.377607757  5  5  0  F
 0.396193083  5  5  1  F
 0.768918415  5  5  2  F
 0.791442336  5  5  3  F
 0.791442827  5  5  0  F
 0.812241181  5  5  1  F
 1.238803048  5  5  2  F
 1.273152215  5  5  3  F
 1.273152535  5  5  0  F
 1.287230794  5  5  1  F
 1.758640802  5  5  2  F
 1.808221221  5  5  3  F
 1.808221733  5  5  0  F
 1.818714745  5  5  1  F
 2.334407369  5  5  2  F
 2.370847539  5  5  3  F
 2.370848094  5  5  0  F
 2.412884976  5  5  1  F
 2.829861556  5  5  2  F
 2.847957973  5  5  3  F
 2.847958485  5  5  0  F
 2.892915238  5  5  1  F
 3.314161471  5  5  2  F
 3.331987498  5  5  3  F
 3.331987892  5  5  0  F
 3.344180819  5  5  1  F
 3.757121362  5  5  2  F
 3.796821143  5  5  3  F
 3.796821805  5  5  0  F
 3.825372960  5  5  1  F
 4.243727333  5  5  2  F
 4.291013371  5  5  3  F
 4.291013862  5  5  0  F
 4.309851450  5  5  1  F
 4.647772769  5  5  2  F
 4.686112069  5  5  3  F
 4.686112656  5  5  0  F
 4.723455479  5  5  1  F
 5.193115780  5  5  2  F
 5.227873797  5  5  3  F
 5.227874170  5  5  0  F
 5.251269276  5  5  1  F
 5.660968186  5  5  2  F
 5.691700019  5  5  3  F
 5.691700413  5  5  0  F
 5.714894610  5  5  1  F
 6.101618561  5  5  2  F
 6.147606097  5  5  3  F
 6.147606481  5  5  0  F
 6.166725535  5  5  1  F
 6.525680111  5  5  2  F
 6.572630094  5  5  3  F
 6.572630574  5  5  0  F
 6.610939598  5  5  1  F
 6.972518769  5  5  2  F
 7.016419559  5  5  3  F
 7.016419954  5  5  0  F
 7.067204758  5  5  1  F
 7.327399098  5  5  2  F
 7.341103180  5  5  3  F
 7.341103702  5  5  0  F
 7.370565942  5  5  1  F
 7.581046604  5  5  2  F
 7.623730418  5  5  3  F
 7.623731133  5  5  0  F
 7.673959837  5  5  1  F
 7.855755486  5  5  2  F
 7.883170280  5  5  3  F
 7.883170898  5  5  0  F
 7.911760360  5  5  1  F
 7.988046671  5  5  2  F
 8.025677316  5  5  3  F
 8.025677860  5  5  0  F
 8.072180012  5  5  1  F
 8.119919153  5  5  2  F
 8.171431291  5  5  3  F
 8.171431824  5  5  0  F
 0.012695049  13  13  0  N
 0.026687219  13  13  1  N
 0.051002851  13  13  2  N
 0.095388951  13  13  3  N
 0.095389280  13  13  0  N
 0.128221526  13  13  1  N
 0.493089281  13  13  2  N
 0.508221721  13  13  3  N
 0.508222198  13  13  0  N
 0.521114753  13  13  1  N
 0.890712978  13  13  2  N
 0.907816285  13  13  3  N
 0.907816712  13  13  0  N
 0.958422002  13  13  1  N
 1.343205565  13  13  2  N
 1.381806572  13  13  3  N
 1.381806999  13  13  0  N
 1.404284054  13  13  1  N
 1.915203562  13  13  2  N
 1.962564070  13  13  3  N
 1.962564528  13  13  0  N
 1.999828114  13  13  1  N
 2.482125901  13  13  2  N
 2.514871299  13  13  3  N
 2.514871833  13  13  0  N
 2.546413956  13  13  1  N
 2.928682634  13  13  2  N
 2.961306046  13  13  3  N
 2.961306377  13  13  0  N
 2.972823940  13  13  1  N
 3.444331359  13  13  2  N
 3.469572813  13  13  3  N
 3.469573261  13  13  0  N
 3.508929887  13  13  1  N
 3.915222482  13  13  2  N
 3.967747618  13  13  3  N
 3.967748077  13  13  0  N
 3.987367425  13  13  1  N
 4.378663839  13  13  2  N
 4.391592888  13  13  3  N
 4.391593326  13  13  0  N
 4.433540847  13  13  1  N
 4.858272807  13  13  2  N
 4.870097153  13  13  3  N
 4.870097772  13  13  0  N
 4.892939680  13  13  1  N
 5.308806440  13  13  2  N
 5.346047175  13  13  3  N
 5.346047687  13  13  0  N
 5.390342176  13  13  1  N
 5.826792261  13  13  2  N
 5.856350262  13  13  3  N
 5.856350667  13  13  0  N
 5.878591632  13  13  1  N
 6.210770414  13  13  2  N
 6.256385311  13  13  3  N
 6.256385781  13  13  0  N
 6.279069126  13  13  1  N
 6.666883053  13  13  2  N
 6.695975692  13  13  3  N
 6.695976194  13  13  0  N
 6.706921303  13  13  1  N
 7.053483580  13  13  2  N
 7.066216640  13  13  3  N
 7.066217205  13  13  0  N
 7.112270410  13  13  1  N
 7.359601971  13  13  2  N
 7.394468966  13  13  3  N
 7.394469563  13  13  0  N
 7.436122472  13  13  1  N
 7.666494714  13  13  2  N
 7.715315022  13  13  3  N
 7.715315555  13  13  0  N
 7.763737417  13  13  1  N
 7.917620302  13  13  2  N
 7.940026397  13  13  3  N
 7.940026877  13  13  0  N
 7.982895944  13  13  1  N
 8.062380834  13  13  2  N
 8.081889605  13  13  3  N
 8.081890053  13  13  0  N
 8.114260917  13  13  1  N
 8.172360806  13  13  2  N
 8.197478654  13  13  3  N
 8.197479305  13  13  0  N
-1  15  15  4 LOCAL_SECTION;ENTRY_PROTOCOL;CRITICAL_SECTION;EXIT_PROTOCOL;MAX_TICKET= 14;
