 0.000579911  0  0  0  A
 0.026535579  0  0  1  A
 0.040682517  0  0  2  A
 0.068676655  0  0  3  A
 0.068677266  0  0  0  A
 0.102647025  0  0  1  A
 0.102647833  0  0  2  A
 0.137067052  0  0  3  A
 0.137067565  0  0  0  A
 0.171339678  0  0  1  A
 0.187999910  0  0  2  A
 0.207050726  0  0  3  A
 0.207051315  0  0  0  A
 0.240889145  0  0  1  A
 0.283710800  0  0  2  A
 0.296338749  0  0  3  A
 0.296339339  0  0  0  A
 0.346510841  0  0  1  A
 0.356831218  0  0  2  A
 0.379299952  0  0  3  A
 0.379300497  0  0  0  A
 0.394981639  0  0  1  A
 0.410512780  0  0  2  A
 0.456775036  0  0  3  A
 0.456775636  0  0  0  A
 0.507333977  0  0  1  A
 0.507334697  0  0  2  A
 0.540690392  0  0  3  A
 0.540690959  0  0  0  A
 0.585378539  0  0  1  A
 0.588134738  0  0  2  A
 0.619695676  0  0  3  A
 0.619696254  0  0  0  A
 0.648434280  0  0  1  A
 0.658023935  0  0  2  A
 0.676255006  0  0  3  A
 0.676255617  0  0  0  A
 0.692162731  0  0  1  A
 0.692163484  0  0  2  A
 0.721262818  0  0  3  A
 0.721263582  0  0  0  A
 0.754811715  0  0  1  A
 0.754812533  0  0  2  A
 0.798654400  0  0  3  A
 0.798655011  0  0  0  A
 0.825463882  0  0  1  A
 0.830630311  0  0  2  A
 0.856032668  0  0  3  A
 0.856034294  0  0  0  A
 0.875866069  0  0  1  A
 0.908272149  0  0  2  A
 0.920244031  0  0  3  A
 0.920244598  0  0  0  A
 0.951872926  0  0  1  A
 0.954273130  0  0  2  A
 0.979723379  0  0  3  A
 0.979723837  0  0  0  A
 1.011666462  0  0  1  A
 1.015372058  0  0  2  A
 1.048118141  0  0  3  A
 1.048118708  0  0  0  A
 1.094231357  0  0  1  A
 1.094232175  0  0  2  A
 1.115553774  0  0  3  A
 1.115554417  0  0  0  A
 1.136962115  0  0  1  A
 1.167098854  0  0  2  A
 1.216203362  0  0  3  A
 1.216203951  0  0  0  A
 1.245012094  0  0  1  A
 1.245012858  0  0  2  A
 1.294277327  0  0  3  A
 1.294278276  0  0  0  A
 0.000618379  1  1  0  B
 0.025407741  1  1  1  B
 0.025408570  1  1  2  B
 0.040680968  1  1  3  B
 0.040681917  1  1  0  B
 0.076247028  1  1  1  B
 0.076247813  1  1  2  B
 0.102174883  1  1  3  B
 0.102175483  1  1  0  B
 0.138092248  1  1  1  B
 0.138093033  1  1  2  B
 0.187999116  1  1  3  B
 0.187999727  1  1  0  B
 0.229753144  1  1  1  B
 0.229753962  1  1  2  B
 0.283710093  1  1  3  B
 0.283710661  1  1  0  B
 0.310346664  1  1  1  B
 0.310347460  1  1  2  B
 0.356830638  1  1  3  B
 0.356831184  1  1  0  B
 0.377057271  1  1  1  B
 0.379300681  1  1  2  B
 0.410511866  1  1  3  B
 0.410512401  1  1  0  B
 0.460204487  1  1  1  B
 0.460205174  1  1  2  B
 0.488858428  1  1  3  B
 0.488859006  1  1  0  B
 0.533314121  1  1  1  B
 0.540691023  1  1  2  B
 0.588132750  1  1  3  B
 0.588134136  1  1  0  B
 0.601673983  1  1  1  B
 0.619696328  1  1  2  B
 0.658022918  1  1  3  B
 0.658023518  1  1  0  B
 0.703899210  1  1  1  B
 0.721264180  1  1  2  B
 0.745339795  1  1  3  B
 0.745340810  1  1  0  B
 0.787083373  1  1  1  B
 0.798655096  1  1  2  B
 0.830629043  1  1  3  B
 0.830630189  1  1  0  B
 0.850639849  1  1  1  B
 0.856034270  1  1  2  B
 0.908269838  1  1  3  B
 0.908270863  1  1  0  B
 0.936988235  1  1  1  B
 0.936989010  1  1  2  B
 0.954272418  1  1  3  B
 0.954272920  1  1  0  B
 0.978057364  1  1  1  B
 0.979724195  1  1  2  B
 1.015371369  1  1  3  B
 1.015371925  1  1  0  B
 1.063719672  1  1  1  B
 1.063720425  1  1  2  B
 1.079351382  1  1  3  B
 1.079351873  1  1  0  B
 1.097417441  1  1  1  B
 1.115554840  1  1  2  B
 1.167097718  1  1  3  B
 1.167098350  1  1  0  B
 1.189763948  1  1  1  B
 1.216204129  1  1  2  B
 1.236247975  1  1  3  B
 1.236248553  1  1  0  B
 1.250669153  1  1  1  B
 1.294279081  1  1  2  B
 1.340780596  1  1  3  B
 1.340781153  1  1  0  B
 1.379869689  1  1  1  B
 1.379870474  1  1  2  B
 1.406202895  1  1  3  B
 1.406203430  1  1  0  B
 1.433675033  1  1  1  B
 1.433675753  1  1  2  B
 1.448035858  1  1  3  B
 1.448036436  1  1  0  B
 1.494483470  1  1  1  B
 1.494484223  1  1  2  B
 1.518883517  1  1  3  B
 1.518883997  1  1  0  B
-1  2  2  4 LOCAL_SECTION;ENTRY_PROTOCOL;CRITICAL_SECTION;EXIT_PROTOCOL;MAX_TICKET=0;
