 0.003254192  9  9  0  R
 0.036740829  9  9  1  R
 0.094267746  9  9  2  R
 0.114828284  9  9  3  R
 0.114982494  9  9  0  R
 0.163200652  9  9  1  R
 0.189226121  9  9  2  R
 0.200129883  9  9  3  R
 0.200311738  9  9  0  R
 0.236667962  9  9  1  R
 0.258662404  9  9  2  R
 0.278413137  9  9  3  R
 0.278544442  9  9  0  R
 0.303325173  9  9  1  R
 0.325595599  9  9  2  R
 0.372373609  9  9  3  R
 0.372704753  9  9  0  R
 0.385816492  9  9  1  R
 0.421937573  9  9  2  R
 0.433981706  9  9  3  R
 0.434111271  9  9  0  R
 0.471695374  9  9  1  R
 0.498649119  9  9  2  R
 0.515902602  9  9  3  R
 0.516072789  9  9  0  R
 0.556439110  9  9  1  R
 0.567318227  9  9  2  R
 0.614317834  9  9  3  R
 0.614383314  9  9  0  R
 0.630764310  9  9  1  R
 0.659801357  9  9  2  R
 0.683762084  9  9  3  R
 0.683907499  9  9  0  R
 0.718760004  9  9  1  R
 0.721769803  9  9  2  R
 0.740867149  9  9  3  R
 0.741040330  9  9  0  R
 0.775374794  9  9  1  R
 0.791018966  9  9  2  R
 0.813495836  9  9  3  R
 0.813613972  9  9  0  R
 0.863198873  9  9  1  R
 0.874866277  9  9  2  R
 0.919964286  9  9  3  R
 0.920047174  9  9  0  R
 0.934704817  9  9  1  R
 0.943027345  9  9  2  R
 0.979153755  9  9  3  R
 0.979318451  9  9  0  R
 0.002588053  1  1  0  R
 0.018022059  1  1  1  R
 0.018397866  1  1  2  R
 0.045577910  1  1  3  R
 0.045813051  1  1  0  R
 0.080204099  1  1  1  R
 0.095091259  1  1  2  R
 0.128181527  1  1  3  R
 0.128366611  1  1  0  R
 0.161841486  1  1  1  R
 0.189149891  1  1  2  R
 0.223740815  1  1  3  R
 0.223915864  1  1  0  R
 0.241069802  1  1  1  R
 0.259089353  1  1  2  R
 0.280879023  1  1  3  R
 0.280950122  1  1  0  R
 0.302775574  1  1  1  R
 0.325473765  1  1  2  R
 0.341483075  1  1  3  R
 0.341603668  1  1  0  R
 0.372368799  1  1  1  R
 0.421700573  1  1  2  R
 0.467430505  1  1  3  R
 0.467574917  1  1  0  R
 0.496755026  1  1  1  R
 0.499491759  1  1  2  R
 0.528949788  1  1  3  R
 0.529126313  1  1  0  R
 0.568545394  1  1  1  R
 0.658854906  1  1  2  R
 0.688678343  1  1  3  R
 0.688851995  1  1  0  R
 0.736413186  1  1  1  R
 0.790425796  1  1  2  R
 0.811949488  1  1  3  R
 0.812123480  1  1  0  R
 0.853667989  1  1  1  R
 0.874847549  1  1  2  R
 0.890408564  1  1  3  R
 0.890587534  1  1  0  R
 0.921793215  1  1  1  R
 0.942669220  1  1  2  R
 0.967828234  1  1  3  R
 0.968020138  1  1  0  R
 0.985497383  1  1  1  R
 1.014882170  1  1  2  R
 1.032775803  1  1  3  R
 1.032954087  1  1  0  R
 0.003014703  6  6  0  R
 0.023082103  6  6  1  R
 0.093950672  6  6  2  R
 0.134754479  6  6  3  R
 0.134894076  6  6  0  R
 0.152853723  6  6  1  R
 0.188724757  6  6  2  R
 0.218989288  6  6  3  R
 0.219152151  6  6  0  R
 0.238574895  6  6  1  R
 0.258973418  6  6  2  R
 0.269373956  6  6  3  R
 0.269539996  6  6  0  R
 0.280899719  6  6  1  R
 0.325352691  6  6  2  R
 0.338726518  6  6  3  R
 0.338900788  6  6  0  R
 0.358196992  6  6  1  R
 0.421458359  6  6  2  R
 0.462080495  6  6  3  R
 0.462248316  6  6  0  R
 0.480445518  6  6  1  R
 0.498927018  6  6  2  R
 0.513660879  6  6  3  R
 0.513832200  6  6  0  R
 0.540510764  6  6  1  R
 0.566964301  6  6  2  R
 0.599146341  6  6  3  R
 0.599321999  6  6  0  R
 0.613758647  6  6  1  R
 0.659608114  6  6  2  R
 0.694865601  6  6  3  R
 0.695031092  6  6  0  R
 0.718224958  6  6  1  R
 0.721641033  6  6  2  R
 0.771346552  6  6  3  R
 0.771365793  6  6  0  R
 0.803666224  6  6  1  R
 0.874464448  6  6  2  R
 0.897257477  6  6  3  R
 0.897450563  6  6  0  R
 0.921747440  6  6  1  R
 0.942570706  6  6  2  R
 0.962270577  6  6  3  R
 0.962443085  6  6  0  R
 0.996699140  6  6  1  R
 1.014991720  6  6  2  R
 1.025308687  6  6  3  R
 1.025487838  6  6  0  R
 1.041268297  6  6  1  R
 1.096010725  6  6  2  R
 1.143440766  6  6  3  R
 1.143572049  6  6  0  R
 1.179972644  6  6  1  R
 1.190225444  6  6  2  R
 1.209724540  6  6  3  R
 1.209892324  6  6  0  R
 0.002933321  5  5  0  R
 0.050137425  5  5  1  R
 0.094911115  5  5  2  R
 0.114782342  5  5  3  R
 0.114958088  5  5  0  R
 0.149776303  5  5  1  R
 0.188582883  5  5  2  R
 0.218324320  5  5  3  R
 0.218492197  5  5  0  R
 0.231218414  5  5  1  R
 0.258130985  5  5  2  R
 0.280742693  5  5  3  R
 0.280930549  5  5  0  R
 0.315170125  5  5  1  R
 0.325897528  5  5  2  R
 0.342782162  5  5  3  R
 0.342942633  5  5  0  R
 0.358076563  5  5  1  R
 0.421319482  5  5  2  R
 0.470593331  5  5  3  R
 0.470741702  5  5  0  R
 0.493826542  5  5  1  R
 0.499335564  5  5  2  R
 0.518364760  5  5  3  R
 0.518472188  5  5  0  R
 0.559435866  5  5  1  R
 0.567682281  5  5  2  R
 0.578329007  5  5  3  R
 0.578512402  5  5  0  R
 0.603167204  5  5  1  R
 0.659448103  5  5  2  R
 0.693260513  5  5  3  R
 0.693417896  5  5  0  R
 0.717974982  5  5  1  R
 0.721512647  5  5  2  R
 0.759581964  5  5  3  R
 0.759662589  5  5  0  R
 0.776810483  5  5  1  R
 0.791140663  5  5  2  R
 0.826452886  5  5  3  R
 0.826526670  5  5  0  R
 0.867356728  5  5  1  R
 0.874939844  5  5  2  R
 0.921747448  5  5  3  R
 0.922249715  5  5  0  R
 0.971302164  5  5  1  R
 1.014757241  5  5  2  R
 1.041242487  5  5  3  R
 1.041417220  5  5  0  R
 1.058571885  5  5  1  R
 1.096528138  5  5  2  R
 1.139339445  5  5  3  R
 1.139432306  5  5  0  R
 1.158942923  5  5  1  R
 1.190098595  5  5  2  R
 1.235432153  5  5  3  R
 1.235523825  5  5  0  R
 1.265568892  5  5  1  R
 1.278462678  5  5  2  R
 1.315332703  5  5  3  R
 1.315431976  5  5  0  R
 0.002654993  2  2  0  R
 0.047310223  2  2  1  R
 0.094727044  2  2  2  R
 0.121706179  2  2  3  R
 0.121879997  2  2  0  R
 0.159330827  2  2  1  R
 0.189032442  2  2  2  R
 0.200980898  2  2  3  R
 0.201174408  2  2  0  R
 0.246437594  2  2  1  R
 0.259199054  2  2  2  R
 0.302391677  2  2  3  R
 0.302546057  2  2  0  R
 0.312764753  2  2  1  R
 0.325742349  2  2  2  R
 0.337736533  2  2  3  R
 0.337901291  2  2  0  R
 0.371849660  2  2  1  R
 0.421584249  2  2  2  R
 0.449445627  2  2  3  R
 0.449657965  2  2  0  R
 0.484844949  2  2  1  R
 0.499095535  2  2  2  R
 0.539968882  2  2  3  R
 0.540151969  2  2  0  R
 0.579961552  2  2  1  R
 0.658957774  2  2  2  R
 0.674632846  2  2  3  R
 0.674652309  2  2  0  R
 0.713190891  2  2  1  R
 0.721171655  2  2  2  R
 0.738732312  2  2  3  R
 0.739177717  2  2  0  R
 0.758291159  2  2  1  R
 0.790684072  2  2  2  R
 0.826314323  2  2  3  R
 0.826498386  2  2  0  R
 0.850478894  2  2  1  R
 0.874809770  2  2  2  R
 0.892758031  2  2  3  R
 0.892921373  2  2  0  R
 0.929462117  2  2  1  R
 0.942956515  2  2  2  R
 0.984165475  2  2  3  R
 0.984344554  2  2  0  R
 1.013577563  2  2  1  R
 1.015704308  2  2  2  R
 1.040520609  2  2  3  R
 1.040688470  2  2  0  R
 1.067158182  2  2  1  R
 1.096700151  2  2  2  R
 1.128741916  2  2  3  R
 1.128912211  2  2  0  R
 1.149534962  2  2  1  R
 1.189827494  2  2  2  R
 1.200793045  2  2  3  R
 1.200997345  2  2  0  R
 1.243087126  2  2  1  R
 1.278083740  2  2  2  R
 1.300388998  2  2  3  R
 1.300565668  2  2  0  R
 1.343710823  2  2  1  R
 1.355535860  2  2  2  R
 1.377485273  2  2  3  R
 1.377654786  2  2  0  R
 1.421831177  2  2  1  R
 1.499350524  2  2  2  R
 1.530331139  2  2  3  R
 1.530468394  2  2  0  R
 1.552750198  2  2  1  R
 1.570052893  2  2  2  R
 1.603744686  2  2  3  R
 1.603765978  2  2  0  R
 0.002858760  4  4  0  R
 0.019729730  4  4  1  R
 0.093803360  4  4  2  R
 0.135352635  4  4  3  R
 0.135518834  4  4  0  R
 0.158755440  4  4  1  R
 0.188860352  4  4  2  R
 0.234495092  4  4  3  R
 0.234513989  4  4  0  R
 0.268760479  4  4  1  R
 0.325216716  4  4  2  R
 0.360381833  4  4  3  R
 0.360540353  4  4  0  R
 0.393989279  4  4  1  R
 0.422227995  4  4  2  R
 0.471192062  4  4  3  R
 0.471206778  4  4  0  R
 0.503089527  4  4  1  R
 0.566882059  4  4  2  R
 0.596868902  4  4  3  R
 0.597053664  4  4  0  R
 0.632257718  4  4  1  R
 0.659911732  4  4  2  R
 0.689823779  4  4  3  R
 0.689988483  4  4  0  R
 0.700893872  4  4  1  R
 0.720836360  4  4  2  R
 0.739413900  4  4  3  R
 0.739587562  4  4  0  R
 0.760127854  4  4  1  R
 0.790887174  4  4  2  R
 0.836670347  4  4  3  R
 0.836855329  4  4  0  R
 0.877604275  4  4  1  R
 0.942402101  4  4  2  R
 0.965889563  4  4  3  R
 0.966046883  4  4  0  R
 1.003538050  4  4  1  R
 1.015312353  4  4  2  R
 1.038565234  4  4  3  R
 1.038752171  4  4  0  R
 1.055728393  4  4  1  R
 1.096188796  4  4  2  R
 1.108857600  4  4  3  R
 1.109024563  4  4  0  R
 1.124193800  4  4  1  R
 1.189480612  4  4  2  R
 1.223236425  4  4  3  R
 1.223392081  4  4  0  R
 1.239931333  4  4  1  R
 1.277918958  4  4  2  R
 1.316756346  4  4  3  R
 1.316917511  4  4  0  R
 1.363845027  4  4  1  R
 1.414919497  4  4  2  R
 1.460860491  4  4  3  R
 1.460993583  4  4  0  R
 1.478912109  4  4  1  R
 1.499862414  4  4  2  R
 1.530331178  4  4  3  R
 1.530555752  4  4  0  R
 1.579493025  4  4  1  R
 1.630850402  4  4  2  R
 1.646202154  4  4  3  R
 1.646365980  4  4  0  R
 1.677793601  4  4  1  R
 1.693378450  4  4  2  R
 1.719080930  4  4  3  R
 1.719179776  4  4  0  R
 0.002769124  3  3  0  R
 0.030951987  3  3  1  R
 0.094084806  3  3  2  R
 0.120112832  3  3  3  R
 0.120280018  3  3  0  R
 0.140838287  3  3  1  R
 0.188415832  3  3  2  R
 0.210600837  3  3  3  R
 0.210803996  3  3  0  R
 0.235761949  3  3  1  R
 0.258473526  3  3  2  R
 0.285045676  3  3  3  R
 0.285233216  3  3  0  R
 0.324838236  3  3  1  R
 0.420805337  3  3  2  R
 0.451877223  3  3  3  R
 0.452064490  3  3  0  R
 0.469310103  3  3  1  R
 0.498483323  3  3  2  R
 0.545750277  3  3  3  R
 0.545769110  3  3  0  R
 0.588736490  3  3  1  R
 0.659125115  3  3  2  R
 0.677481345  3  3  3  R
 0.677527140  3  3  0  R
 0.697915553  3  3  1  R
 0.720667393  3  3  2  R
 0.744294555  3  3  3  R
 0.744476415  3  3  0  R
 0.786919320  3  3  1  R
 0.791312614  3  3  2  R
 0.808950708  3  3  3  R
 0.809120516  3  3  0  R
 0.835118216  3  3  1  R
 0.874655223  3  3  2  R
 0.913947640  3  3  3  R
 0.914084097  3  3  0  R
 0.925711537  3  3  1  R
 0.942783243  3  3  2  R
 0.984313238  3  3  3  R
 0.984332412  3  3  0  R
 0.999753169  3  3  1  R
 1.015150609  3  3  2  R
 1.028550097  3  3  3  R
 1.028739968  3  3  0  R
 1.057847085  3  3  1  R
 1.096364868  3  3  2  R
 1.116422912  3  3  3  R
 1.116511563  3  3  0  R
 1.142949079  3  3  1  R
 1.189665922  3  3  2  R
 1.238382083  3  3  3  R
 1.238405965  3  3  0  R
 1.260021195  3  3  1  R
 1.278363908  3  3  2  R
 1.299667950  3  3  3  R
 1.299761141  3  3  0  R
 1.341266885  3  3  1  R
 1.355244371  3  3  2  R
 1.396673002  3  3  3  R
 1.396696162  3  3  0  R
 1.421880475  3  3  1  R
 1.499521025  3  3  2  R
 1.531692421  3  3  3  R
 1.531782907  3  3  0  R
 1.570529460  3  3  1  R
 1.630562694  3  3  2  R
 1.656410367  3  3  3  R
 1.656507638  3  3  0  R
 1.695271640  3  3  1  R
 1.754052733  3  3  2  R
 1.802523631  3  3  3  R
 1.802551360  3  3  0  R
 0.002490529  0  0  0  R
 0.044928945  0  0  1  R
 0.094442797  0  0  2  R
 0.107665282  0  0  3  R
 0.107806137  0  0  0  R
 0.139183443  0  0  1  R
 0.188241641  0  0  2  R
 0.222743490  0  0  3  R
 0.222910103  0  0  0  R
 0.254353007  0  0  1  R
 0.259369683  0  0  2  R
 0.307257962  0  0  3  R
 0.307280059  0  0  0  R
 0.335594721  0  0  1  R
 0.421149403  0  0  2  R
 0.459448467  0  0  3  R
 0.459653035  0  0  0  R
 0.490324195  0  0  1  R
 0.499266055  0  0  2  R
 0.511268721  0  0  3  R
 0.511440145  0  0  0  R
 0.553023726  0  0  1  R
 0.567144786  0  0  2  R
 0.616968358  0  0  3  R
 0.616986653  0  0  0  R
 0.638185443  0  0  1  R
 0.660071742  0  0  2  R
 0.700718940  0  0  3  R
 0.700736256  0  0  0  R
 0.738686273  0  0  1  R
 0.790554774  0  0  2  R
 0.818919943  0  0  3  R
 0.819090033  0  0  0  R
 0.835203148  0  0  1  R
 0.874752402  0  0  2  R
 0.897155642  0  0  3  R
 0.897251829  0  0  0  R
 0.936451426  0  0  1  R
 0.943301086  0  0  2  R
 0.972062374  0  0  3  R
 0.972221107  0  0  0  R
 1.018428465  0  0  1  R
 1.095838999  0  0  2  R
 1.145669118  0  0  3  R
 1.145687667  0  0  0  R
 1.191084353  0  0  1  R
 1.277602237  0  0  2  R
 1.295784334  0  0  3  R
 1.295948445  0  0  0  R
 1.317789988  0  0  1  R
 1.355086432  0  0  2  R
 1.372511657  0  0  3  R
 1.372690884  0  0  0  R
 1.387260370  0  0  1  R
 1.415256003  0  0  2  R
 1.465004351  0  0  3  R
 1.465022941  0  0  0  R
 1.496192013  0  0  1  R
 1.500357601  0  0  2  R
 1.542807093  0  0  3  R
 1.542978277  0  0  0  R
 1.566652921  0  0  1  R
 1.570545757  0  0  2  R
 1.591108786  0  0  3  R
 1.591278380  0  0  0  R
 1.618649543  0  0  1  R
 1.631012977  0  0  2  R
 1.645672472  0  0  3  R
 1.645842804  0  0  0  R
 1.690329166  0  0  1  R
 1.693493858  0  0  2  R
 1.719222718  0  0  3  R
 1.719285917  0  0  0  R
 1.744809337  0  0  1  R
 1.754357730  0  0  2  R
 1.781449920  0  0  3  R
 1.781656860  0  0  0  R
 1.805823889  0  0  1  R
 1.848235480  0  0  2  R
 1.888741574  0  0  3  R
 1.888759824  0  0  0  R
 1.902019704  0  0  1  R
 1.915842861  0  0  2  R
 1.944509289  0  0  3  R
 1.944679283  0  0  0  R
 1.984406713  0  0  1  R
 2.041431368  0  0  2  R
 2.058686989  0  0  3  R
 2.058852960  0  0  0  R
 0.003092120  7  7  0  R
 0.045081475  7  7  1  R
 0.094654035  7  7  2  R
 0.142154246  7  7  3  R
 0.142177630  7  7  0  R
 0.187130282  7  7  1  R
 0.189502143  7  7  2  R
 0.216551222  7  7  3  R
 0.216746045  7  7  0  R
 0.232736652  7  7  1  R
 0.258302035  7  7  2  R
 0.305680742  7  7  3  R
 0.305781859  7  7  0  R
 0.324112010  7  7  1  R
 0.326109167  7  7  2  R
 0.348428237  7  7  3  R
 0.348536275  7  7  0  R
 0.379274575  7  7  1  R
 0.421814623  7  7  2  R
 0.449445636  7  7  3  R
 0.449667053  7  7  0  R
 0.471873357  7  7  1  R
 0.498764619  7  7  2  R
 0.518364700  7  7  3  R
 0.518460236  7  7  0  R
 0.540596730  7  7  1  R
 0.567056298  7  7  2  R
 0.596917581  7  7  3  R
 0.597080331  7  7  0  R
 0.626425103  7  7  1  R
 0.659732737  7  7  2  R
 0.697124719  7  7  3  R
 0.697271704  7  7  0  R
 0.707855438  7  7  1  R
 0.721007993  7  7  2  R
 0.759343092  7  7  3  R
 0.759512025  7  7  0  R
 0.787183953  7  7  1  R
 0.791656631  7  7  2  R
 0.841388187  7  7  3  R
 0.841409351  7  7  0  R
 0.853364333  7  7  1  R
 0.874825114  7  7  2  R
 0.914668326  7  7  3  R
 0.914838902  7  7  0  R
 0.957986191  7  7  1  R
 1.014584453  7  7  2  R
 1.053533028  7  7  3  R
 1.053698517  7  7  0  R
 1.088826805  7  7  1  R
 1.096918793  7  7  2  R
 1.130554281  7  7  3  R
 1.130732469  7  7  0  R
 1.158367661  7  7  1  R
 1.189981711  7  7  2  R
 1.232255241  7  7  3  R
 1.232425322  7  7  0  R
 1.244851152  7  7  1  R
 1.278237736  7  7  2  R
 1.317681638  7  7  3  R
 1.317825713  7  7  0  R
 1.361770481  7  7  1  R
 1.414752878  7  7  2  R
 1.441806161  7  7  3  R
 1.441977931  7  7  0  R
 1.481902081  7  7  1  R
 1.500022485  7  7  2  R
 1.530583556  7  7  3  R
 1.530780357  7  7  0  R
 1.561986385  7  7  1  R
 1.570216881  7  7  2  R
 1.592843226  7  7  3  R
 1.593010873  7  7  0  R
 1.620036301  7  7  1  R
 1.631335812  7  7  2  R
 1.647796272  7  7  3  R
 1.647959210  7  7  0  R
 1.677548389  7  7  1  R
 1.693327849  7  7  2  R
 1.719044414  7  7  3  R
 1.719135252  7  7  0  R
 1.758523472  7  7  1  R
 1.847720367  7  7  2  R
 1.886732712  7  7  3  R
 1.886900871  7  7  0  R
 1.907932273  7  7  1  R
 1.916333057  7  7  2  R
 1.958719175  7  7  3  R
 1.959004300  7  7  0  R
 1.986747719  7  7  1  R
 2.041808424  7  7  2  R
 2.068207851  7  7  3  R
 2.068229768  7  7  0  R
 0.003172385  8  8  0  R
 0.015737897  8  8  1  R
 0.016099647  8  8  2  R
 0.042944451  8  8  3  R
 0.043120165  8  8  0  R
 0.081502705  8  8  1  R
 0.095257181  8  8  2  R
 0.134754474  8  8  3  R
 0.134894169  8  8  0  R
 0.182890140  8  8  1  R
 0.189338150  8  8  2  R
 0.208724938  8  8  3  R
 0.208896163  8  8  0  R
 0.237551486  8  8  1  R
 0.258839518  8  8  2  R
 0.290601226  8  8  3  R
 0.290800512  8  8  0  R
 0.329929993  8  8  1  R
 0.420977298  8  8  2  R
 0.461316590  8  8  3  R
 0.461482391  8  8  0  R
 0.500819751  8  8  1  R
 0.566738374  8  8  2  R
 0.584745912  8  8  3  R
 0.584882429  8  8  0  R
 0.600655803  8  8  1  R
 0.659286248  8  8  2  R
 0.695228535  8  8  3  R
 0.695381544  8  8  0  R
 0.714544280  8  8  1  R
 0.721343337  8  8  2  R
 0.761660045  8  8  3  R
 0.761843796  8  8  0  R
 0.810255105  8  8  1  R
 0.874559712  8  8  2  R
 0.919839175  8  8  3  R
 0.920013836  8  8  0  R
 0.935313918  8  8  1  R
 0.943146807  8  8  2  R
 0.975180903  8  8  3  R
 0.975350510  8  8  0  R
 1.009357373  8  8  1  R
 1.015472291  8  8  2  R
 1.065204582  8  8  3  R
 1.065223287  8  8  0  R
 1.098399331  8  8  1  R
 1.189311244  8  8  2  R
 1.221881991  8  8  3  R
 1.222050796  8  8  0  R
 1.235791568  8  8  1  R
 1.277751314  8  8  2  R
 1.320261987  8  8  3  R
 1.320276426  8  8  0  R
 1.358787534  8  8  1  R
 1.414540843  8  8  2  R
 1.442563515  8  8  3  R
 1.442770780  8  8  0  R
 1.461671822  8  8  1  R
 1.499697940  8  8  2  R
 1.549464539  8  8  3  R
 1.549483630  8  8  0  R
 1.579492846  8  8  1  R
 1.630685878  8  8  2  R
 1.658680011  8  8  3  R
 1.658698565  8  8  0  R
 1.687013294  8  8  1  R
 1.693425553  8  8  2  R
 1.739658447  8  8  3  R
 1.739666815  8  8  0  R
 1.759675047  8  8  1  R
 1.847911790  8  8  2  R
 1.867690783  8  8  3  R
 1.867841520  8  8  0  R
 1.906290015  8  8  1  R
 1.916003688  8  8  2  R
 1.946482653  8  8  3  R
 1.946660016  8  8  0  R
 1.965279644  8  8  1  R
 1.980437495  8  8  2  R
 2.015163263  8  8  3  R
 2.015181343  8  8  0  R
 2.042682501  8  8  1  R
 2.108755010  8  8  2  R
 2.150191813  8  8  3  R
 2.150210102  8  8  0  R
 2.194541114  8  8  1  R
 2.205235185  8  8  2  R
 2.244932944  8  8  3  R
 2.244939894  8  8  0  R
 0.003410495  11  11  0  W
 0.035133585  11  11  1  W
 0.234707602  11  11  2  W
 0.257751871  11  11  3  W
 0.257958859  11  11  0  W
 0.295152731  11  11  1  W
 0.617116742  11  11  2  W
 0.658675801  11  11  3  W
 0.658794544  11  11  0  W
 0.695975407  11  11  1  W
 0.984476873  11  11  2  W
 1.014354235  11  11  3  W
 1.014453928  11  11  0  W
 1.034744708  11  11  1  W
 1.396890937  11  11  2  W
 1.414298611  11  11  3  W
 1.414412719  11  11  0  W
 1.445933808  11  11  1  W
 1.739764780  11  11  2  W
 1.753935375  11  11  3  W
 1.754006021  11  11  0  W
 1.791099895  11  11  1  W
 2.068366774  11  11  2  W
 2.108310770  11  11  3  W
 2.108444391  11  11  0  W
 2.150480957  11  11  1  W
 2.309304749  11  11  2  W
 2.345158977  11  11  3  W
 2.345377767  11  11  0  W
 2.387089332  11  11  1  W
 2.493359433  11  11  2  W
 2.516099494  11  11  3  W
 2.516317802  11  11  0  W
 2.552832029  11  11  1  W
 2.617525705  11  11  2  W
 2.665325683  11  11  3  W
 2.665540527  11  11  0  W
 2.692131628  11  11  1  W
 2.789810752  11  11  2  W
 2.807441612  11  11  3  W
 2.807558274  11  11  0  W
 2.826302214  11  11  1  W
 2.934703711  11  11  2  W
 2.966240096  11  11  3  W
 2.966455993  11  11  0  W
 2.989837028  11  11  1  W
 3.068595466  11  11  2  W
 3.087122331  11  11  3  W
 3.087352834  11  11  0  W
 3.105429831  11  11  1  W
 3.240768085  11  11  2  W
 3.268669829  11  11  3  W
 3.268830974  11  11  0  W
 0.003570053  13  13  0  W
 0.028169019  13  13  1  W
 0.142366490  13  13  2  W
 0.187869559  13  13  3  W
 0.188059840  13  13  0  W
 0.203565822  13  13  1  W
 0.545973843  13  13  2  W
 0.566496105  13  13  3  W
 0.566656776  13  13  0  W
 0.604407686  13  13  1  W
 0.922414605  13  13  2  W
 0.942042027  13  13  3  W
 0.942240615  13  13  0  W
 0.989790748  13  13  1  W
 1.320475788  13  13  2  W
 1.354711208  13  13  3  W
 1.354926906  13  13  0  W
 1.382291221  13  13  1  W
 1.658899723  13  13  2  W
 1.693194314  13  13  3  W
 1.693277259  13  13  0  W
 1.704317138  13  13  1  W
 2.015388987  13  13  2  W
 2.041047280  13  13  3  W
 2.041267934  13  13  0  W
 2.087500317  13  13  1  W
 2.273048426  13  13  2  W
 2.308907019  13  13  3  W
 2.309127996  13  13  0  W
 2.320901293  13  13  1  W
 2.456009169  13  13  2  W
 2.492953905  13  13  3  W
 2.493183293  13  13  0  W
 2.504198115  13  13  1  W
 2.580436391  13  13  2  W
 2.617121954  13  13  3  W
 2.617328559  13  13  0  W
 2.665572341  13  13  1  W
 2.746241418  13  13  2  W
 2.789660023  13  13  3  W
 2.789722590  13  13  0  W
 2.835669049  13  13  1  W
 2.966678070  13  13  2  W
 2.985366370  13  13  3  W
 2.985587478  13  13  0  W
 3.015176430  13  13  1  W
 3.087530464  13  13  2  W
 3.117233789  13  13  3  W
 3.117445072  13  13  0  W
 3.130707895  13  13  1  W
 3.269011550  13  13  2  W
 3.281986893  13  13  3  W
 3.282213126  13  13  0  W
 0.003336931  10  10  0  W
 0.054119488  10  10  1  W
 0.372904640  10  10  2  W
 0.420451388  10  10  3  W
 0.420667720  10  10  0  W
 0.452758904  10  10  1  W
 0.771548148  10  10  2  W
 0.790063717  10  10  3  W
 0.790287918  10  10  0  W
 0.830029291  10  10  1  W
 1.145832352  10  10  2  W
 1.188918306  10  10  3  W
 1.189136724  10  10  0  W
 1.224066830  10  10  1  W
 1.549679429  10  10  2  W
 1.569679052  10  10  3  W
 1.569879459  10  10  0  W
 1.612732594  10  10  1  W
 1.888963821  10  10  2  W
 1.915449148  10  10  3  W
 1.915679364  10  10  0  W
 1.958673584  10  10  1  W
 2.166250885  10  10  2  W
 2.204937671  10  10  3  W
 2.205051688  10  10  0  W
 2.223827046  10  10  1  W
 2.378841114  10  10  2  W
 2.405703769  10  10  3  W
 2.405913181  10  10  0  W
 2.450865525  10  10  1  W
 2.539394977  10  10  2  W
 2.560654273  10  10  3  W
 2.560883267  10  10  0  W
 2.584102018  10  10  1  W
 2.684022983  10  10  2  W
 2.709848832  10  10  3  W
 2.709963276  10  10  0  W
 2.742232982  10  10  1  W
 2.844399948  10  10  2  W
 2.893256303  10  10  3  W
 2.893456743  10  10  0  W
 2.904320355  10  10  1  W
 3.011452361  10  10  2  W
 3.038661399  10  10  3  W
 3.038887928  10  10  0  W
 3.070946995  10  10  1  W
 3.165778452  10  10  2  W
 3.203367792  10  10  3  W
 3.203598976  10  10  0  W
 3.245008080  10  10  1  W
 3.329337105  10  10  2  W
 3.346175057  10  10  3  W
 3.346393196  10  10  0  W
 3.395675625  10  10  1  W
 3.430904248  10  10  2  W
 3.481203432  10  10  3  W
 3.481434261  10  10  0  W
 3.514679142  10  10  1  W
 3.534843861  10  10  2  W
 3.549688542  10  10  3  W
 3.549907534  10  10  0  W
 3.582069407  10  10  1  W
 3.609650244  10  10  2  W
 3.642560944  10  10  3  W
 3.642730686  10  10  0  W
 0.003490007  12  12  0  W
 0.018881556  12  12  1  W
 0.045985315  12  12  2  W
 0.093407789  12  12  3  W
 0.093642392  12  12  0  W
 0.118898037  12  12  1  W
 0.471366458  12  12  2  W
 0.498121304  12  12  3  W
 0.498324959  12  12  0  W
 0.539968936  12  12  1  W
 0.841561121  12  12  2  W
 0.874263567  12  12  3  W
 0.874366676  12  12  0  W
 0.887557999  12  12  1  W
 1.238584314  12  12  2  W
 1.277295752  12  12  3  W
 1.277520144  12  12  0  W
 1.307512178  12  12  1  W
 1.603902916  12  12  2  W
 1.630198495  12  12  3  W
 1.630397273  12  12  0  W
 1.668663819  12  12  1  W
 1.959133328  12  12  2  W
 1.979903909  12  12  3  W
 1.980100592  12  12  0  W
 2.008975693  12  12  1  W
 2.245078702  12  12  2  W
 2.272724177  12  12  3  W
 2.272892875  12  12  0  W
 2.302941100  12  12  1  W
 2.406108650  12  12  2  W
 2.455609130  12  12  3  W
 2.455840572  12  12  0  W
 2.484307113  12  12  1  W
 2.561057488  12  12  2  W
 2.580053579  12  12  3  W
 2.580258163  12  12  0  W
 2.624488449  12  12  1  W
 2.710061673  12  12  2  W
 2.745957323  12  12  3  W
 2.746106796  12  12  0  W
 2.761292246  12  12  1  W
 2.893650912  12  12  2  W
 2.934291818  12  12  3  W
 2.934509563  12  12  0  W
 2.949072018  12  12  1  W
 3.039060845  12  12  2  W
 3.068193119  12  12  3  W
 3.068408915  12  12  0  W
 3.088249234  12  12  1  W
 3.203770133  12  12  2  W
 3.240346966  12  12  3  W
 3.240566149  12  12  0  W
 3.274852244  12  12  1  W
 3.346561853  12  12  2  W
 3.365971583  12  12  3  W
 3.366185988  12  12  0  W
 3.386199433  12  12  1  W
 3.416153173  12  12  2  W
 3.430508132  12  12  3  W
 3.430730705  12  12  0  W
 3.442409404  12  12  1  W
 3.518994302  12  12  2  W
 3.534551286  12  12  3  W
 3.534714824  12  12  0  W
 3.556664682  12  12  1  W
 3.579599947  12  12  2  W
 3.609253694  12  12  3  W
 3.609449967  12  12  0  W
 3.631223149  12  12  1  W
 3.692289577  12  12  2  W
 3.709956778  12  12  3  W
 3.710070190  12  12  0  W
 0.003659652  14  14  0  W
 0.038475486  14  14  1  W
 0.307422022  14  14  2  W
 0.324834852  14  14  3  W
 0.325052307  14  14  0  W
 0.343601800  14  14  1  W
 0.700867266  14  14  2  W
 0.720436578  14  14  3  W
 0.720535476  14  14  0  W
 0.768688585  14  14  1  W
 1.065414883  14  14  2  W
 1.095561380  14  14  3  W
 1.095709204  14  14  0  W
 1.138434577  14  14  1  W
 1.465222052  14  14  2  W
 1.499113647  14  14  3  W
 1.499229956  14  14  0  W
 1.532524588  14  14  1  W
 1.802784920  14  14  2  W
 1.847476390  14  14  3  W
 1.847587855  14  14  0  W
 1.883499456  14  14  1  W
 2.150424323  14  14  2  W
 2.165954513  14  14  3  W
 2.166066571  14  14  0  W
 2.202251336  14  14  1  W
 2.345553727  14  14  2  W
 2.378527537  14  14  3  W
 2.378668500  14  14  0  W
 2.401580863  14  14  1  W
 2.516496539  14  14  2  W
 2.539088236  14  14  3  W
 2.539197284  14  14  0  W
 2.563388163  14  14  1  W
 2.665766162  14  14  2  W
 2.683860463  14  14  3  W
 2.683945688  14  14  0  W
 2.694814336  14  14  1  W
 2.807631567  14  14  2  W
 2.844183306  14  14  3  W
 2.844317663  14  14  0  W
 2.859787594  14  14  1  W
 2.985741743  14  14  2  W
 3.011094047  14  14  3  W
 3.011313177  14  14  0  W
 3.056358014  14  14  1  W
 3.117585689  14  14  2  W
 3.165467444  14  14  3  W
 3.165648494  14  14  0  W
 3.189537087  14  14  1  W
 3.282418626  14  14  2  W
 3.329028775  14  14  3  W
 3.329143250  14  14  0  W
 3.342890244  14  14  1  W
 3.366355608  14  14  2  W
 3.415882805  14  14  3  W
 3.416010660  14  14  0  W
 3.436806638  14  14  1  W
 3.481638602  14  14  2  W
 3.518596900  14  14  3  W
 3.518813775  14  14  0  W
 3.537613750  14  14  1  W
 3.550078036  14  14  2  W
 3.579241108  14  14  3  W
 3.579437134  14  14  0  W
 3.596648022  14  14  1  W
 3.642874543  14  14  2  W
 3.691869602  14  14  3  W
 3.692075346  14  14  0  W
 3.725423149  14  14  1  W
 3.725505063  14  14  2  W
 3.754161493  14  14  3  W
 3.754269634  14  14  0  W
 3.767180105  14  14  1  W
 3.767276816  14  14  2  W
 3.779189037  14  14  3  W
 3.779437480  14  14  0  W
 3.795567202  14  14  1  W
 3.795733981  14  14  2  W
 3.841390054  14  14  3  W
 3.841807618  14  14  0  W
 3.867255167  14  14  1  W
 3.867416094  14  14  2  W
 3.887188362  14  14  3  W
 3.887595408  14  14  0  W
-1  15  15  4 LOCAL_SECTION;START;READING_ROOM;STOP;EXTRA_LABEL;
