-1 515 15 15
0.102470 100 5 14 #
0.102471 101 1 0 #
0.102473 102 6 5 #
0.102474 103 3 13 #
0.102475 104 4 8 #
0.102476 105 3 11 #
0.102478 106 3 7 #
0.102479 107 9 1 #
0.102480 108 12 1 #
0.102481 109 0 12 #
0.102482 110 4 12 #
0.102483 111 4 10 #
0.102484 112 1 10 #
0.102486 113 3 10 #
0.102487 114 2 5 #
2.121898 16 4 11 8
2.297900 16 4 11 .
2.103700 2 5 12 B
2.224255 2 5 11 B
2.244417 2 6 11 B
2.261444 2 5 11 B
2.299124 2 5 12 B
2.319904 2 4 12 b
2.103700 2 5 12 B
2.224255 2 5 11 B
2.244417 2 6 11 B
2.261444 2 5 11 B
2.299124 2 5 12 B
2.319904 2 4 12 b
2.359905 2 4 12 #
2.103700 2 5 12 B
2.224255 2 5 11 B
2.244417 2 6 11 B
2.261444 2 5 11 B
2.299124 2 5 12 B
2.319904 2 4 12 b
2.359905 2 4 12 #
2.103680 3 7 4 C
2.245261 3 6 4 C
2.278690 3 7 4 C
2.319538 3 6 4 C
2.364870 3 6 5 c
2.103642 7 5 2 G
2.230919 7 5 3 G
2.242725 7 5 4 G
2.265018 7 5 5 G
2.298686 7 4 5 G
2.317505 7 3 5 G
2.362685 7 3 6 G
2.399156 7 3 7 g
2.103680 3 7 4 C
2.245261 3 6 4 C
2.278690 3 7 4 C
2.319538 3 6 4 C
2.364870 3 6 5 c
2.404872 3 6 5 #
2.103680 3 7 4 C
2.245261 3 6 4 C
2.278690 3 7 4 C
2.319538 3 6 4 C
2.364870 3 6 5 c
2.404872 3 6 5 #
2.103645 15 13 11 O
2.244775 15 14 11 O
2.266496 15 0 11 O
2.289120 15 14 11 O
2.327403 15 13 11 O
2.340484 15 14 11 O
2.378521 15 0 11 O
2.405736 15 0 12 o
2.103642 7 5 2 G
2.230919 7 5 3 G
2.242725 7 5 4 G
2.265018 7 5 5 G
2.298686 7 4 5 G
2.317505 7 3 5 G
2.362685 7 3 6 G
2.399156 7 3 7 g
2.439163 7 3 7 #
2.103642 7 5 2 G
2.230919 7 5 3 G
2.242725 7 5 4 G
2.265018 7 5 5 G
2.298686 7 4 5 G
2.317505 7 3 5 G
2.362685 7 3 6 G
2.399156 7 3 7 g
2.439163 7 3 7 #
2.103645 15 13 11 O
2.244775 15 14 11 O
2.266496 15 0 11 O
2.289120 15 14 11 O
2.327403 15 13 11 O
2.340484 15 14 11 O
2.378521 15 0 11 O
2.405736 15 0 12 o
2.445757 15 0 12 #
2.103645 15 13 11 O
2.244775 15 14 11 O
2.266496 15 0 11 O
2.289120 15 14 11 O
2.327403 15 13 11 O
2.340484 15 14 11 O
2.378521 15 0 11 O
2.405736 15 0 12 o
2.445757 15 0 12 #
2.103690 10 13 0 J
2.249856 10 13 14 J
2.261130 10 13 13 J
2.302813 10 13 14 J
2.339085 10 13 13 J
2.373834 10 14 13 J
2.400275 10 14 12 J
2.445764 10 0 12 j
2.103662 1 14 3 A
2.482032 1 14 3 a
2.103707 11 13 2 K
2.221986 11 13 3 K
2.482634 11 13 3 k
2.103690 10 13 0 J
2.249856 10 13 14 J
2.261130 10 13 13 J
2.302813 10 13 14 J
2.339085 10 13 13 J
2.373834 10 14 13 J
2.400275 10 14 12 J
2.445764 10 0 12 j
2.485782 10 0 12 #
2.103690 10 13 0 J
2.249856 10 13 14 J
2.261130 10 13 13 J
2.302813 10 13 14 J
2.339085 10 13 13 J
2.373834 10 14 13 J
2.400275 10 14 12 J
2.445764 10 0 12 j
2.485782 10 0 12 #
2.103665 9 7 7 I
2.246738 9 8 7 I
2.526142 9 8 7 i
2.103648 8 6 6 H
2.238553 8 6 7 H
2.285367 8 7 7 H
2.540625 8 7 7 h
2.459292 30 10 6 1
2.555295 30 10 6 .
2.103691 6 7 6 F
2.246739 6 7 7 F
2.278694 6 7 8 F
2.556260 6 7 8 f
2.157222 19 9 0 8
2.705279 19 9 0 .
2.103710 14 0 14 N
2.231769 14 0 0 N
2.260210 14 0 14 N
2.284730 14 0 0 N
2.320387 14 0 14 N
2.334140 14 0 13 N
2.363192 14 0 14 N
2.386508 14 14 14 N
2.430594 14 13 14 N
2.457780 14 13 0 N
2.505223 14 13 14 N
2.530992 14 14 14 N
2.551597 14 14 0 N
2.586973 14 0 0 N
2.636337 14 0 1 N
2.682346 14 1 1 N
2.705400 14 1 0 n
2.103675 5 9 11 E
2.229577 5 9 10 E
2.246593 5 9 11 E
2.276088 5 9 10 E
2.304655 5 9 9 E
2.344978 5 9 10 E
2.396325 5 8 10 E
2.445756 5 9 10 E
2.723699 5 9 10 e
2.103710 14 0 14 N
2.231769 14 0 0 N
2.260210 14 0 14 N
2.284730 14 0 0 N
2.320387 14 0 14 N
2.334140 14 0 13 N
2.363192 14 0 14 N
2.386508 14 14 14 N
2.430594 14 13 14 N
2.457780 14 13 0 N
2.505223 14 13 14 N
2.530992 14 14 14 N
2.551597 14 14 0 N
2.586973 14 0 0 N
2.636337 14 0 1 N
2.682346 14 1 1 N
2.705400 14 1 0 n
2.745606 14 1 0 #
2.103710 14 0 14 N
2.231769 14 0 0 N
2.260210 14 0 14 N
2.284730 14 0 0 N
2.320387 14 0 14 N
2.334140 14 0 13 N
2.363192 14 0 14 N
2.386508 14 14 14 N
2.430594 14 13 14 N
2.457780 14 13 0 N
2.505223 14 13 14 N
2.530992 14 14 14 N
2.551597 14 14 0 N
2.586973 14 0 0 N
2.636337 14 0 1 N
2.682346 14 1 1 N
2.705400 14 1 0 n
2.745606 14 1 0 #
2.103695 12 10 8 L
2.229582 12 10 7 L
2.246591 12 10 8 L
2.257606 12 9 8 L
2.284780 12 8 8 L
2.329957 12 8 9 L
2.359242 12 8 10 L
2.396324 12 8 9 L
2.445757 12 8 10 L
2.480607 12 7 10 L
2.491905 12 8 10 L
2.769640 12 8 10 l
2.323172 24 7 14 9
2.872589 24 7 14 .
2.584902 37 8 6 9
2.907233 37 8 6 .
2.498863 33 1 11 4
2.928421 33 1 11 .
2.892933 49 5 7 3
3.016976 49 5 7 .
2.821558 46 9 14 9
3.023243 46 9 14 .
2.103703 13 14 12 M
2.218795 13 13 12 M
2.260352 13 12 12 M
2.282999 13 12 13 M
2.317115 13 11 13 M
2.360040 13 11 14 M
2.385537 13 11 0 M
2.408830 13 11 14 M
2.439904 13 11 0 M
2.474644 13 11 1 M
2.485500 13 11 2 M
2.495883 13 11 1 M
2.513657 13 10 1 M
2.550732 13 10 0 M
2.587241 13 10 1 M
2.623210 13 10 2 M
2.647187 13 11 2 M
2.662725 13 10 2 M
2.705866 13 10 1 M
2.738972 13 11 1 M
2.764579 13 11 2 M
2.779998 13 11 3 M
2.804377 13 11 2 M
2.840725 13 11 3 M
2.856151 13 10 3 M
2.886778 13 10 2 M
2.902079 13 10 3 M
2.941715 13 11 3 M
2.975222 13 11 2 M
3.017251 13 10 2 M
3.035430 13 10 1 M
2.986628 53 11 14 6
3.170410 53 11 14 .
3.159199 60 5 10 2
3.232150 60 5 10 .
3.366778 70 2 7 7
3.436713 70 2 7 .
3.223853 63 9 6 4
3.493733 63 9 6 .
2.940635 51 1 1 2
3.508267 51 1 1 .
2.103665 4 4 1 D
2.242852 4 5 1 D
2.253931 4 6 1 D
2.267058 4 5 1 D
2.306908 4 6 1 D
2.318432 4 5 1 D
2.340924 4 6 1 D
2.366647 4 5 1 D
2.409223 4 4 1 D
2.445764 4 4 2 D
2.466713 4 5 2 D
2.486754 4 4 2 D
2.525529 4 5 2 D
2.574645 4 6 2 D
2.620470 4 6 1 D
2.653347 4 7 1 D
2.700406 4 7 2 D
2.738428 4 7 3 D
2.772563 4 7 2 D
2.821569 4 7 3 D
2.863392 4 6 3 D
2.907238 4 5 3 D
2.946903 4 5 2 D
2.959067 4 5 3 D
2.982415 4 5 4 D
2.999769 4 5 3 D
3.049782 4 6 3 D
3.091189 4 6 2 D
3.122576 4 6 1 D
3.143944 4 7 1 D
3.170384 4 6 1 D
3.198550 4 6 2 D
3.227994 4 6 1 D
3.274491 4 6 2 D
3.296015 4 6 3 D
3.327182 4 5 3 D
3.349553 4 5 4 D
3.378962 4 5 3 D
3.397351 4 4 3 D
3.443909 4 3 3 D
3.481412 4 2 3 D
3.504086 4 2 4 D
3.533642 4 3 4 D
3.381203 72 0 3 5
3.636448 72 0 3 .
3.498941 78 13 13 8
3.666818 78 13 13 .
3.293873 67 13 11 2
3.694214 67 13 11 .
3.457131 75 6 9 4
3.798215 75 6 9 .
3.779848 92 14 0 7
3.835600 92 14 0 .
3.558842 81 10 14 9
3.947390 81 10 14 .
3.753662 90 10 3 6
4.008189 90 10 3 .
3.970602 101 13 4 9
4.061793 101 13 4 .
3.616186 84 11 5 4
4.146990 84 11 5 .
3.903013 98 7 9 3
4.147060 98 7 9 .
3.854816 96 13 14 1
4.321403 96 13 14 .
4.119798 111 5 3 1
4.356425 111 5 3 .
4.281101 120 1 8 9
4.428291 120 1 8 .
4.084831 108 14 12 2
4.588376 108 14 12 .
4.152721 113 11 10 1
4.592833 113 11 10 .
4.487103 129 7 13 2
4.651692 129 7 13 .
4.459907 127 4 2 7
4.693984 127 4 2 .
4.193030 116 8 1 6
4.717951 116 8 1 .
4.607075 136 10 3 8
4.727820 136 10 3 .
4.500209 131 9 6 7
4.828767 131 9 6 .
