wztq@DESKTOP-1Q1LLS5:~/Studia/sem4/wspolbiezne/mk1/list1$ # Karol Wziątek 279734                                     
wztq@DESKTOP-1Q1LLS5:~/Studia/sem4/wspolbiezne/mk1/list1$ svn export --force https://repo.cs.pwr.edu.pl/279734-dir/mk1/list1/ex1/                                                                                                        
Authentication realm: <https://repo.cs.pwr.edu.pl:443> Subversion Repository 
Password for '279734': *******

Couldn't start kwalletd:  QDBusError("org.freedesktop.DBus.Error.Spawn.ChildSignaled", "Process org.kde.kwalletd5 received signal 6")
Couldn't start kwalletd:  QDBusError("org.freedesktop.DBus.Error.Spawn.ChildSignaled", "Process org.kde.kwalletd5 received signal 6")
Couldn't start kwalletd:  QDBusError("org.freedesktop.DBus.Error.Spawn.ChildSignaled", "Process org.kde.kwalletd5 received signal 6")
Couldn't start kwalletd:  QDBusError("org.freedesktop.DBus.Error.Spawn.ChildSignaled", "Process org.kde.kwalletd5 received signal 6")
Couldn't start kwalletd:  QDBusError("org.freedesktop.DBus.Error.Spawn.ChildSignaled", "Process org.kde.kwalletd5 received signal 6")
kf.windowsystem: Cannot use KWindowSystem without a QGuiApplication
Couldn't start kwalletd:  QDBusError("org.freedesktop.DBus.Error.Spawn.ChildSignaled", "Process org.kde.kwalletd5 received signal 6")
A    ex1
A    ex1/ex1.go
Exported revision 14.
wztq@DESKTOP-1Q1LLS5:~/Studia/sem4/wspolbiezne/mk1/list1$ cd ex1/
wztq@DESKTOP-1Q1LLS5:~/Studia/sem4/wspolbiezne/mk1/list1/ex1$ go run ex1.go
-1 15 15 15
1746804703262198749 14 9 4 O
1746804703263369361 4 0 7 E
1746804703263388810 11 1 5 L
1746804703264485823 1 4 5 B
1746804703275680258 14 10 4 O
1746804703277851760 11 1 4 L
1746804703277876735 0 13 6 A
1746804703282025477 5 1 3 F
1746804703285236804 10 14 4 K
1746804703286332734 3 8 14 D
1746804703287424905 7 6 14 H
1746804703288516865 12 2 6 M
1746804703289602548 6 9 2 G
1746804703289625612 9 1 9 J
1746804703291769267 13 8 11 N
1746804703292964773 0 12 6 A
1746804703296129050 10 14 5 K
1746804703296156817 11 0 4 L
1746804703296158912 8 10 10 I
1746804703300351852 2 12 13 C
1746804703304537734 1 4 6 B
1746804703307726562 4 1 7 E
1746804703310897727 13 8 10 N
1746804703312001439 9 0 9 J
1746804703319202483 0 13 6 A
1746804703324396346 11 0 5 L
1746804703325502647 14 10 5 O
1746804703326605211 7 6 13 H
1746804703327797917 12 2 5 M
1746804703329901564 4 2 7 E
1746804703331007018 5 2 3 F
1746804703331021369 3 7 14 D
1746804703331031309 13 8 9 N
1746804703332110267 9 14 9 J
1746804703332128377 6 9 3 G
1746804703337308551 8 9 10 I
1746804703338411608 12 1 5 M
1746804703339516106 7 7 13 H
1746804703340639033 10 14 6 K
1746804703340724323 2 12 14 C
1746804703345937339 1 4 5 B
1746804703348125269 0 13 7 A
1746804703348142347 13 7 9 N
1746804703349257763 11 0 6 L
1746804703355460058 8 9 9 I
1746804703356567157 6 10 3 G
1746804703360749028 11 14 6 L
1746804703360767419 10 0 6 K
1746804703363937675 3 6 14 D
1746804703367123787 14 10 4 O
1746804703367159908 1 5 5 B
1746804703368238466 4 2 6 E
1746804703371419980 0 12 7 A
1746804703371439134 9 14 10 J
1746804703371445481 7 8 13 H
1746804703378652535 6 9 3 G
1746804703378680199 13 7 10 N
1746804703379774440 1 5 4 B
1746804703380894421 4 1 6 E
1746804703380917891 5 2 2 F
1746804703382013098 12 0 5 M
1746804703385211907 10 0 7 K
1746804703390408490 2 11 14 C
1746804703396613407 3 6 0 D
1746804703396642811 0 12 6 A
1746804703397719536 1 4 4 B
1746804703398821886 8 8 9 I
1746804703403035999 13 7 11 N
1746804703403063892 9 14 11 J
1746804703403086803 10 0 6 K
1746804703405217774 11 13 6 L
1746804703409404631 6 8 3 G
1746804703411594253 7 8 12 H
1746804703412681074 5 3 2 F
1746804703415862170 14 11 4 O
1746804703415887194 4 1 5 E
1746804703419062791 0 13 6 A
1746804703423247645 1 5 4 B
1746804703425435059 6 8 2 G
1746804703426538499 12 0 6 M
1746804703426564705 7 7 12 H
1746804703427638123 13 7 12 N
1746804703427661016 10 0 7 K
1746804703428736276 2 11 0 C
1746804703435941519 4 1 4 E
1746804703437050639 11 13 5 L
1746804703438164936 3 7 0 D
1746804703439275033 8 8 8 I
1746804703440388594 1 6 4 B
1746804703442556843 6 8 3 G
1746804703442575142 9 13 11 J
1746804703442585779 7 8 12 H
1746804703445743829 5 3 1 F
1746804703445769833 13 7 13 N
1746804703451965884 0 13 5 A
1746804703459172255 14 11 5 O
1746804703460283238 1 5 4 B
1746804703463468905 6 9 3 G
1746804703463494638 8 8 7 I
1746804703464576645 5 3 0 F
1746804703465674698 13 6 13 N
1746804703465697558 12 0 7 M
1746804703466780857 11 12 5 L
1746804703467889534 10 14 7 K
1746804703470063293 3 6 0 D
1746804703472228330 2 12 0 C
1746804703474420104 14 11 4 O
1746804703479613848 9 13 10 J
1746804703480708716 4 0 4 E
1746804703481804132 8 9 7 I
1746804703483908512 13 6 12 N
1746804703486310421 7 8 11 H
1746804703489495183 11 12 6 L
1746804703491663813 6 9 2 G
1746804703496847276 1 4 4 B
1746804703497937985 0 13 6 A
1746804703502116055 14 11 3 O
1746804703504287857 3 6 1 D
1746804703504303356 4 0 3 E
1746804703504309239 5 2 0 F
1746804703507478136 2 12 14 C
1746804703508580551 10 14 8 K
1746804703508607578 0 12 6 A
1746804703515788402 12 14 7 M
1746804703521986175 13 6 13 N
1746804703525166477 9 13 9 J
1746804703526257246 7 9 11 H
1746804703530440352 1 4 5 B
1746804703531541987 4 0 2 E
1746804703531561929 8 10 7 I
1746804703534667924 2 11 14 C
1746804703536865740 3 6 0 D
1746804703536886871 11 12 7 L
1746804703537971648 6 9 1 G
1746804703539069763 7 9 10 H
1746804703541255462 5 2 1 F
1746804703541277489 14 12 3 O
1746804703543368575 4 0 3 E
1746804703544469510 1 3 5 B
1746804703544489569 10 0 8 K
1746804703552686823 12 14 6 M
1746804703552708956 0 12 5 A
1746804703554862183 14 12 4 O
1746804703565084658 11 12 6 L
1746804703567272557 1 3 6 B
1746804703567298517 13 6 12 N
1746804703569464160 5 2 2 F
1746804703573659690 9 13 8 J
1746804703574765699 3 7 0 D
1746804703575860630 14 13 4 O
1746804703576962318 8 10 6 I
1746804703576980012 2 11 13 C
1746804703576980795 4 0 4 E
1746804703578077309 6 10 1 G
1746804703578098938 7 8 10 H
1746804703581200203 12 0 6 M
1746804703585415807 11 13 6 L
1746804703585438997 9 13 7 J
1746804703586530607 10 0 7 K
1746804703589709919 3 7 14 D
1746804703591888038 13 6 13 N
1746804703592988436 8 11 6 I
1746804703593008193 5 1 2 F
1746804703595163393 1 4 6 B
1746804703595190916 0 12 6 A
1746804703600439019 2 10 13 C
1746804703605640667 10 0 8 K
1746804703607821022 0 12 5 A
1746804703607846166 7 8 9 H
1746804703608924543 1 4 5 B
1746804703608947371 6 10 2 G
1746804703610023300 5 0 2 F
1746804703612193151 2 10 12 C
1746804703616392620 13 7 13 N
1746804703617500360 14 14 4 O
1746804703618611646 8 11 5 I
1746804703618632208 3 7 0 D
1746804703619712558 12 0 5 M
1746804703620805603 4 0 3 E
1746804703623998744 11 12 6 L
1746804703624020323 2 10 13 C
1746804703626174848 1 4 4 B
1746804703626197012 0 13 5 A
1746804703628352000 9 13 8 J
1746804703628373086 5 1 2 F
1746804703629464031 8 10 5 I
1746804703636690079 6 11 2 G
1746804703637791818 3 7 1 D
1746804703639968023 1 4 5 B
1746804703641066083 7 9 9 H
1746804703642167623 14 0 4 O
1746804703647366371 0 14 5 A
1746804703649540713 10 14 8 K
1746804703649567015 13 6 13 N
1746804703652750036 8 11 5 I
1746804703655940928 9 14 8 J
1746804703660069146 11 11 6 L
1746804703662200769 14 0 3 O
1746804703663304612 8 12 5 I
1746804703663319718 12 1 5 M
1746804703663329897 4 14 3 E
1746804703664408274 0 14 6 A
1746804703670556089 5 1 1 F
1746804703671674472 2 10 14 C
1746804703671699336 11 10 6 L
1746804703673857739 10 0 8 K
1746804703676026160 1 4 6 B
1746804703678203393 7 8 9 H
1746804703678226372 12 1 4 M
1746804703680383043 6 12 2 G
1746804703681481035 8 12 6 I
1746804703682574163 5 1 0 F
1746804703687766313 2 11 14 C
1746804703687786160 3 7 2 D
1746804703698001256 9 14 7 J
1746804703699111766 7 8 8 H
1746804703700210475 13 7 13 N
1746804703701300842 1 4 7 B
1746804703703520099 12 1 5 M
1746804703705689912 2 11 0 C
1746804703706789272 5 1 1 F
1746804703706807925 6 12 3 G
1746804703708979737 3 7 3 D
1746804703710077379 7 9 8 H
1746804703711173909 4 13 3 E
1746804703712281178 14 14 3 O
1746804703713387134 0 13 6 A
1746804703716558210 11 9 6 L
1746804703721766230 9 0 7 J
1746804703722882865 5 0 1 F
1746804703723980694 10 0 7 K
1746804703725075919 13 8 13 N
1746804703725098495 12 2 5 M
1746804703726183830 8 13 6 I
1746804703727283260 0 13 7 A
1746804703727302054 7 8 8 H
1746804703728383528 6 11 3 G
1746804703730555940 14 14 4 O
1746804703734734318 4 13 4 E
1746804703739928274 11 9 7 L
1746804703739960266 12 2 6 M
1746804703746133733 8 13 5 I
1746804703747226396 2 10 0 C
1746804703748324843 3 6 3 D
1746804703749424373 5 0 2 F
1746804703750522922 1 4 8 B
1746804703754765560 0 13 8 A
1746804703755860524 9 0 8 J
1746804703755878165 4 12 4 E
1746804703756958506 6 12 3 G
1746804703760149510 3 6 2 D
1746804703765347664 2 10 14 C
1746804703768536754 7 8 7 H
1746804703769651413 10 14 7 K
1746804703769680133 5 14 2 F
1746804703770766707 13 8 14 N
1746804703774895035 12 2 7 M
1746804703775996028 1 5 8 B
1746804703776016207 11 9 6 L
1746804703780182877 6 11 3 G
1746804703780204235 5 0 2 F
1746804703781281010 4 13 4 E
1746804703782374015 10 13 7 K
1746804703787574900 8 13 6 I
1746804703791776282 7 8 6 H
1746804703792881757 1 5 9 B
1746804703798077685 0 12 8 A
1746804703800252742 2 11 14 C
1746804703800277695 13 7 14 N
1746804703801356082 9 14 8 J
1746804703803545437 8 13 5 I
1746804703804656742 3 6 3 D
1746804703807849568 12 3 7 M
1746804703813044763 4 13 3 E
1746804703813070763 10 13 8 K
1746804703816229906 13 7 0 N
1746804703818401638 11 9 7 L
1746804703818425658 5 0 3 F
1746804703822620394 7 8 5 H
1746804703822650976 12 4 7 M
1746804703823728386 6 10 3 G
1746804703826848372 1 4 9 B
1746804703830037772 4 12 3 E
1746804703830062226 0 13 8 A
1746804703833228967 8 13 4 I
1746804703838415380 12 4 8 M
1746804703838438500 2 10 14 C
1746804703839513311 11 9 8 L
1746804703842702218 3 6 2 D
1746804703848912464 9 14 7 J
1746804703848939068 4 12 2 E
1746804703851085064 6 10 4 G
1746804703853266393 10 13 9 K
1746804703854363592 13 7 1 N
1746804703854385333 3 5 2 D
1746804703861572662 5 1 3 F
1746804703865757071 7 8 4 H
1746804703865785209 2 10 13 C
1746804703867942594 12 4 7 M
1746804703867965623 11 9 9 L
1746804703875158773 0 13 9 A
1746804703875184431 1 4 10 B
1746804703878346625 13 7 2 N
1746804703879453870 11 9 8 L
1746804703879481395 8 13 3 I
1746804703880578539 6 9 4 G
1746804703881672415 10 13 10 K
1746804703884852852 7 8 3 H
1746804703889057125 9 14 6 J
1746804703890154390 13 7 1 N
1746804703891256392 4 12 1 E
1746804703896447071 7 9 3 H
1746804703902643117 3 5 1 D
1746804703903744030 12 4 6 M
1746804703904845265 10 12 10 K
1746804703904866592 9 14 5 J
1746804703908031908 4 13 1 E
1746804703908050919 0 12 9 A
1746804703910207711 5 1 2 F
1746804703910233842 2 10 12 C
1746804703916411791 8 12 3 I
1746804703917516578 13 7 0 N
1746804703918623334 1 5 10 B
1746804703918642315 10 11 10 K
1746804703923767012 4 12 1 E
1746804703926978733 3 6 1 D
1746804703926998884 11 10 8 L
1746804703927003676 6 10 4 G
1746804703929171381 7 10 3 H
1746804703938381358 1 5 11 B
1746804703939479509 0 11 9 A
1746804703939500629 13 8 0 N
1746804703940584681 12 3 6 M
1746804703940603204 3 6 0 D
1746804703947790337 4 12 0 E
1746804703947811297 7 10 4 H
1746804703949972726 9 13 5 J
1746804703951073911 5 1 3 F
1746804703953271549 2 11 12 C
1746804703959473734 8 12 2 I
1746804703965679113 5 2 3 F
1746804703965707353 10 10 10 K
1746804703971897493 6 10 5 G
1746804703971922289 12 3 7 M
1746804703977090409 11 11 8 L
1746804703980274514 13 7 0 N
1746804703981380331 4 13 0 E
1746804703981395225 7 11 4 H
1746804703981403798 9 12 5 J
1746804703984574135 0 10 9 A
1746804703987765149 12 3 8 M
1746804703987785987 3 5 0 D
1746804703998996726 2 12 12 C
1746804704004205081 10 10 9 K
1746804704004238638 8 13 2 I
1746804704010413198 4 13 1 E
1746804704011510847 11 12 8 L
1746804704011530690 13 7 14 N
1746804704012609709 9 11 5 J
1746804704013713175 5 2 4 F
1746804704015890484 12 3 9 M
1746804704015917401 3 5 14 D
1746804704016992923 10 9 9 K
1746804704020183777 0 10 8 A
1746804704021297812 6 9 5 G
1746804704022388575 4 13 2 E
1746804704024578426 9 11 6 J
1746804704028763285 8 13 1 I
1746804704030873602 7 11 5 H
1746804704034047850 11 12 7 L
1746804704034072113 3 6 14 D
1746804704041264762 2 12 13 C
1746804704043442784 10 8 9 K
1746804704043464320 13 8 14 N
1746804704049650707 9 11 5 J
1746804704050750982 5 1 4 F
1746804704050771364 7 12 5 H
1746804704060987615 0 10 7 A
1746804704062093175 5 1 3 F
1746804704063190881 4 13 1 E
1746804704068384764 10 7 9 K
1746804704068408043 13 7 14 N
1746804704072577158 8 13 0 I
1746804704072592182 2 11 13 C
1746804704072606965 3 5 14 D
1746804704076773442 0 10 6 A
1746804704076801737 7 12 6 H
1746804704083040164 11 13 7 L
1746804704093270326 9 11 4 J
1746804704096451365 5 1 2 F
1746804704096478469 13 7 13 N
1746804704100645674 3 5 13 D
1746804704100665122 7 12 7 H
1746804704100671105 2 11 12 C
1746804704103849472 8 12 0 I
1746804704107069327 10 7 8 K
1746804704110259441 4 13 0 E
1746804704117459648 9 11 3 J
1746804704117482963 5 1 3 F
1746804704124601963 4 13 14 E
1746804704125700409 11 14 7 L
1746804704126801994 0 11 6 A
1746804704135013130 2 10 12 C
1746804704135040107 8 12 14 I
1746804704137194419 9 10 3 J
1746804704137215088 10 6 8 K
1746804704140387014 11 14 6 L
1746804704141484316 3 4 13 D
1746804704142587257 5 2 3 F
1746804704145786361 13 7 12 N
1746804704146894393 7 11 7 H
1746804704149064952 4 14 14 E
1746804704159296918 10 5 8 K
1746804704160418522 2 11 12 C
1746804704163606250 8 13 14 I
1746804704171751115 7 10 7 H
1746804704174935206 4 14 13 E
1746804704174962223 0 11 5 A
1746804704178125060 11 13 6 L
1746804704179222191 13 6 12 N
1746804704181393250 5 1 3 F
1746804704184568636 3 4 12 D
1746804704185668987 9 11 3 J
1746804704187857372 10 6 8 K
1746804704193066995 2 11 13 C
1746804704206304972 2 11 12 C
1746804704207402834 8 14 14 I
1746804704210579561 10 5 8 K
1746804704211681141 13 6 11 N
1746804704215862232 9 12 3 J
1746804704216962401 3 3 12 D
1746804704216982799 4 14 14 E
1746804704218067541 0 10 5 A
1746804704220243620 7 9 7 H
1746804704220266395 5 0 3 F
1746804704224461631 11 14 6 L
1746804704227652783 2 12 12 C
1746804704231850276 7 9 8 H
1746804704232964081 10 5 9 K
1746804704236152293 4 14 0 E
1746804704237257463 0 10 4 A
1746804704239444888 3 3 11 D
1746804704239470412 9 12 4 J
1746804704240546209 8 14 13 I
1746804704245749446 11 14 7 L
1746804704253973492 9 12 3 J
1746804704255080085 0 9 4 A
1746804704259286564 5 0 4 F
1746804704260392298 2 12 11 C
1746804704261492913 13 6 12 N
1746804704261517432 4 0 0 E
1746804704268701341 7 9 9 H
1746804704270874840 11 13 7 L
1746804704270899762 10 5 10 K
1746804704271984333 13 7 12 N
1746804704277190190 3 3 12 D
1746804704278296800 8 14 12 I
1746804704283496410 0 10 4 A
1746804704285674706 11 12 7 L
1746804704286778203 9 12 2 J
1746804704287883302 2 13 11 C
1746804704294093835 13 8 12 N
1746804704300320188 7 8 9 H
1746804704303446701 4 0 1 E
1746804704306641513 13 7 12 N
1746804704306670989 11 13 7 L
1746804704308820817 0 10 5 A
1746804704308850545 5 0 3 F
1746804704309074565 3 2 12 D
1746804704319116347 10 5 11 K
1746804704322318465 0 9 5 A
1746804704326520190 8 0 12 I
1746804704328700511 4 0 0 E
1746804704328723881 7 8 10 H
1746804704330894980 9 12 1 J
1746804704333083144 5 0 2 F
1746804704335254938 0 9 4 A
1746804704335276464 2 13 12 C
1746804704337432670 10 5 10 K
1746804704341647365 7 8 11 H
1746804704346869846 3 2 11 D
1746804704349053143 13 8 12 N
1746804704352234148 8 0 13 I
1746804704353329676 11 12 7 L
1746804704355524347 5 0 3 F
1746804704359723351 10 5 11 K
1746804704359754798 7 8 10 H
1746804704363918667 2 13 13 C
1746804704366094371 4 0 14 E
1746804704371289489 10 6 11 K
1746804704374463571 2 13 14 C
1746804704375556823 13 8 11 N
1746804704381759181 8 1 13 I
1746804704383923675 0 9 5 A
1746804704394109159 3 1 11 D
1746804704397321381 10 6 12 K
1746804704399507134 7 8 11 H
1746804704400611548 8 0 13 I
1746804704401708021 11 11 7 L
1746804704405905363 5 1 3 F
1746804704411112520 2 14 14 C
1746804704414291201 4 0 0 E
1746804704420510428 13 8 12 N
1746804704424698602 0 8 5 A
1746804704425794550 11 10 7 L
1746804704429989465 3 0 11 D
1746804704431091249 10 6 11 K
1746804704432189124 7 8 10 H
1746804704438320938 2 14 13 C
1746804704439439669 5 1 4 F
1746804704443634645 8 14 13 I
1746804704444738243 7 8 9 H
1746804704445832145 10 7 11 K
1746804704449022515 13 7 12 N
1746804704456240656 0 7 5 A
1746804704459427346 4 0 1 E
1746804704461592611 11 10 8 L
1746804704461616072 3 14 11 D
1746804704465782466 8 13 13 I
1746804704468966045 2 14 12 C
1746804704481201578 10 7 12 K
1746804704484383122 5 1 3 F
1746804704484410175 4 14 1 E
1746804704486568189 13 6 12 N
1746804704490779213 3 13 11 D
1746804704493950407 7 9 9 H
1746804704498114272 10 7 11 K
1746804704501296995 0 7 4 A
1746804704501321700 8 12 13 I
1746804704502398950 2 14 13 C
1746804704505586283 4 14 0 E
1746804704508769096 11 11 8 L
1746804704509867603 10 7 12 K
1746804704519079147 13 5 12 N
1746804704524297688 3 13 10 D
1746804704528504068 8 11 13 I
1746804704539759923 2 13 13 C
1746804704540862692 11 11 7 L
1746804704541963083 7 10 9 H
1746804704541986010 0 8 4 A
1746804704542206040 3 12 10 D
1746804704545206756 13 6 12 N
1746804704552373184 4 13 0 E
1746804704553488814 7 10 8 H
1746804704555665689 8 11 12 I
1746804704558856924 10 7 13 K
1746804704568047829 0 7 4 A
1746804704570230226 2 12 13 C
1746804704573438254 10 8 13 K
1746804704573474862 7 10 7 H
1746804704574558866 13 7 12 N
1746804704579755442 3 12 9 D
1746804704579781754 8 11 13 I
1746804704591000824 11 12 7 L
1746804704596199980 7 11 7 H
1746804704598377367 2 12 14 C
1746804704598396150 4 14 0 E
1746804704598401704 8 11 12 I
1746804704599486174 0 7 3 A
1746804704609705526 11 11 7 L
1746804704610814132 3 12 10 D
1746804704610841581 13 8 12 N
1746804704616071631 0 7 2 A
1746804704623242483 4 13 0 E
1746804704623269340 10 7 13 K
1746804704626456098 13 9 12 N
1746804704628629499 3 11 10 D
1746804704628652723 11 10 7 L
1746804704630804047 7 10 7 H
1746804704635979359 8 11 11 I
1746804704637076158 0 7 1 A
1746804704639242692 13 9 13 N
1746804704647454246 2 13 14 C
1746804704655660656 11 9 7 L
1746804704663803235 7 11 7 H
1746804704672015823 4 14 0 E
1746804704672045007 10 6 13 K
1746804704674234586 2 14 14 C
1746804704677427907 3 11 11 D
1746804704678780860 0 7 0 A
1746804704682976871 13 8 13 N
1746804704684079613 8 12 11 I
1746804704689279383 11 8 7 L
1746804704691477037 2 13 14 C
1746804704693656844 10 7 13 K
1746804704699861764 3 10 11 D
1746804704699885043 11 9 7 L
1746804704703048162 4 14 14 E
1746804704710261779 8 13 11 I
1746804704711356852 7 11 8 H
1746804704718575094 10 7 14 K
1746804704719689413 4 14 0 E
1746804704719691187 0 6 0 A
1746804704722882563 3 10 10 D
1746804704722906003 2 13 0 C
1746804704723981324 13 8 12 N
1746804704733193553 11 9 8 L
1746804704736377430 13 9 12 N
1746804704736398704 2 14 0 C
1746804704738557358 0 7 0 A
1746804704742749724 8 14 11 I
1746804704747942298 7 11 9 H
1746804704750127517 4 0 0 E
1746804704762377986 0 7 1 A
1746804704762403240 3 10 9 D
1746804704763483095 10 8 14 K
1746804704764580861 2 0 0 C
1746804704767765010 11 9 7 L
1746804704775996757 8 13 11 I
1746804704777108273 3 9 9 D
1746804704778203277 13 9 13 N
1746804704785408921 10 9 14 K
1746804704787570573 11 10 7 L
1746804704789746620 13 9 14 N
1746804704790845129 7 10 9 H
1746804704797059854 0 7 2 A
1746804704798153045 2 14 0 C
1746804704800316758 3 9 10 D
1746804704800341296 4 0 14 E
1746804704803497724 7 11 9 H
1746804704809698012 13 9 0 N
1746804704816841513 10 9 13 K
1746804704819010803 3 9 9 D
1746804704822196685 4 14 14 E
1746804704823292425 8 12 11 I
1746804704828487901 0 6 2 A
1746804704830671971 11 11 7 L
1746804704833864175 4 0 14 E
1746804704834963146 10 9 12 K
1746804704839143702 7 12 9 H
1746804704842333635 2 13 0 C
1746804704846515511 10 9 11 K
1746804704846544600 3 9 8 D
1746804704847620893 13 9 14 N
1746804704848723654 4 1 14 E
1746804704860963200 4 0 14 E
1746804704860979010 10 9 12 K
1746804704860983613 2 13 1 C
1746804704862066072 0 5 2 A
1746804704865250392 8 12 10 I
1746804704876503451 4 0 13 E
1746804704876530859 7 11 9 H
1746804704879630440 11 12 7 L
1746804704881811494 3 9 9 D
1746804704882910550 2 13 0 C
1746804704882936616 0 5 1 A
1746804704890120196 13 9 0 N
1746804704902307989 0 4 1 A
1746804704908537257 8 11 10 I
1746804704908577171 3 9 8 D
1746804704913760292 13 9 14 N
1746804704919934227 4 14 13 E
1746804704926144346 11 12 8 L
1746804704926173750 7 12 9 H
1746804704932420840 2 13 14 C
1746804704941644714 0 4 2 A
1746804704942741623 4 14 12 E
1746804704951965990 13 8 14 N
1746804704954164026 8 11 11 I
1746804704961376121 11 11 8 L
1746804704966503685 0 4 3 A
1746804704972719939 8 11 10 I
1746804704973821202 2 14 14 C
1746804704984979498 4 14 11 E
1746804704988170229 11 11 9 L
1746804704991355549 13 8 0 N
1746804704998491739 11 12 9 L
1746804705005709004 2 14 0 C
1746804705010890663 8 10 10 I
1746804705017100892 4 14 10 E
1746804705017123508 0 5 3 A
1746804705019280928 11 12 8 L
1746804705037588266 8 10 9 I
1746804705041790869 13 7 0 N
1746804705055026716 11 12 9 L
1746804705056133311 2 14 14 C
1746804705058292025 4 14 9 E
1746804705064508735 0 5 4 A
1746804705067688695 13 8 0 N
1746804705075909705 8 10 8 I
1746804705082115350 4 14 8 E
1746804705094381535 2 13 14 C
1746804705097495993 11 12 10 L
1746804705103635568 8 10 9 I
1746804705105813780 13 7 0 N
1746804705110034448 0 5 3 A
1746804705117241829 2 12 14 C
1746804705124454308 4 14 9 E
1746804705132663599 0 4 3 A
1746804705134843400 2 12 13 C
1746804705135940704 11 12 11 L
1746804705141154610 4 14 8 E
1746804705146362622 8 9 9 I
1746804705154591627 13 6 0 N
1746804705158785532 8 9 8 I
1746804705168017956 13 6 14 N
1746804705168047186 4 13 8 E
1746804705172152618 2 11 13 C
1746804705176349810 8 9 9 I
1746804705177465317 0 4 4 A
1746804705177487207 11 11 11 L
1746804705184685349 2 12 13 C
1746804705193934961 0 4 5 A
1746804705196123894 11 11 12 L
1746804705205313121 2 12 14 C
1746804705205335908 8 10 9 I
1746804705214547938 4 14 8 E
1746804705235858034 0 3 5 A
1746804705244104283 8 9 9 I
1746804705246290365 11 11 13 L
1746804705253504015 4 0 8 E
1746804705253526570 0 3 4 A
1746804705254608304 2 11 14 C
1746804705265784763 2 11 13 C
1746804705273001316 8 9 8 I
1746804705285241173 8 9 9 I
1746804705295505923 4 1 8 E
1746804705295526532 11 12 13 L
1746804705296608658 0 4 4 A
1746804705299807146 2 11 12 C
1746804705321121921 11 12 14 L
1746804705339346950 2 12 12 C
1746804705344573613 0 4 3 A
1746804705344607450 4 0 8 E
1746804705366894859 0 4 4 A
1746804705371079993 11 12 0 L
1746804705372176617 2 11 12 C
1746804705383410233 2 10 12 C
1746804705386595864 0 5 4 A
1746804705391788733 4 0 7 E
1746804705410011541 11 11 0 L
1746804705413200975 4 0 6 E
1746804705428495788 2 10 13 C
1746804705434732961 0 4 4 A
1746804705437916117 4 14 6 E
1746804705437944535 11 10 0 L
1746804705462186005 0 3 4 A
1746804705467403177 11 10 1 L
1746804705472604464 2 10 12 C
1746804705503979166 2 10 11 C
1746804705510180979 0 2 4 A
1746804705512379649 11 10 2 L
1746804705536730477 2 9 11 C
1746804705550993314 0 3 4 A
1746804705555195696 11 10 3 L
1746804705565364383 0 2 4 A
1746804705566474063 2 8 11 C
1746804705587775498 11 11 3 L
1746804705590960909 2 9 11 C
1746804705609237166 0 2 3 A
1746804705636585000 11 12 3 L
1746804705641789241 2 9 10 C
1746804705650044156 0 2 4 A
1746804705669278414 11 12 2 L
1746804705675489448 2 10 10 C
1746804705689748205 0 3 4 A
1746804705706019351 11 12 3 L
1746804705712233021 0 2 4 A
1746804705716432738 2 9 10 C
1746804705735721992 0 3 4 A
1746804705738908026 11 11 3 L
1746804705749072438 2 8 10 C
1746804705767357927 2 9 10 C
1746804705782561476 2 9 11 C
1746804705784735259 11 12 3 L
1746804705795972379 11 12 4 L
1746804705812177753 2 10 11 C
1746804705839518494 11 12 5 L
1746804705850758606 11 11 5 L
1746804705857961531 2 11 11 C
1746804705889185592 2 11 12 C
1746804705890291980 11 10 5 L
1746804705925691674 2 11 11 C
1746804705957087531 2 12 11 C
1746804705997457712 2 13 11 C
1746804706022814029 2 13 12 C
1746804706048161714 2 13 13 C
1746804706059340649 2 13 12 C
1746804706080591685 2 12 12 C
1746804706094872320 2 13 12 C
1746804706143356884 2 13 11 C
1746804706170704763 2 13 10 C
1746804706190950162 2 13 9 C
wait group stopped waiting
1746804706223337236 2 12 9 C
exiting for loop
wztq@DESKTOP-1Q1LLS5:~/Studia/sem4/wspolbiezne/mk1/list1/ex1$ go run ex1.go > out1
wztq@DESKTOP-1Q1LLS5:~/Studia/sem4/wspolbiezne/mk1/list1/ex1$ shasum out1
eff0ed9127f5ce67de392f858af3e887c0c57283  out1
wztq@DESKTOP-1Q1LLS5:~/Studia/sem4/wspolbiezne/mk1/list1/ex1$ svn import -m "shasum" out1 https://repo.cs.pwr.edu.pl/279734-dir/mk1/list1/ex1/out1
Authentication realm: <https://repo.cs.pwr.edu.pl:443> Subversion Repository 
Password for '279734': *******

Couldn't start kwalletd:  QDBusError("org.freedesktop.DBus.Error.Spawn.ChildSignaled", "Process org.kde.kwalletd5 received signal 6")
Couldn't start kwalletd:  QDBusError("org.freedesktop.DBus.Error.Spawn.ChildSignaled", "Process org.kde.kwalletd5 received signal 6")
Couldn't start kwalletd:  QDBusError("org.freedesktop.DBus.Error.Spawn.ChildSignaled", "Process org.kde.kwalletd5 received signal 6")
Couldn't start kwalletd:  QDBusError("org.freedesktop.DBus.Error.Spawn.ChildSignaled", "Process org.kde.kwalletd5 received signal 6")
Couldn't start kwalletd:  QDBusError("org.freedesktop.DBus.Error.Spawn.ChildSignaled", "Process org.kde.kwalletd5 received signal 6")
kf.windowsystem: Cannot use KWindowSystem without a QGuiApplication
Couldn't start kwalletd:  QDBusError("org.freedesktop.DBus.Error.Spawn.ChildSignaled", "Process org.kde.kwalletd5 received signal 6")
Couldn't start kwalletd:  QDBusError("org.freedesktop.DBus.Error.Spawn.ChildSignaled", "Process org.kde.kwalletd5 received signal 6")
Couldn't start kwalletd:  QDBusError("org.freedesktop.DBus.Error.Spawn.ChildSignaled", "Process org.kde.kwalletd5 received signal 6")
Couldn't start kwalletd:  QDBusError("org.freedesktop.DBus.Error.Spawn.ChildSignaled", "Process org.kde.kwalletd5 received signal 6")
Couldn't start kwalletd:  QDBusError("org.freedesktop.DBus.Error.Spawn.ChildSignaled", "Process org.kde.kwalletd5 received signal 6")
Couldn't start kwalletd:  QDBusError("org.freedesktop.DBus.Error.Spawn.ChildSignaled", "Process org.kde.kwalletd5 received signal 6")
Couldn't start kwalletd:  QDBusError("org.freedesktop.DBus.Error.Spawn.ChildSignaled", "Process org.kde.kwalletd5 received signal 6")
Adding         out1
Committing transaction...
Committed revision 15.
wztq@DESKTOP-1Q1LLS5:~/Studia/sem4/wspolbiezne/mk1/list1/ex1$ tmux capture-pane -p -S'-' -E'-' -J > my-log1          

