0.000127782 10 10 0 K
0.028603675 10 10 1 K
0.304954753 10 10 2 K
0.326220636 10 10 3 K
0.326220788 10 10 0 K
0.359209595 10 10 1 K
0.733558050 10 10 2 K
0.749586795 10 10 3 K
0.749586958 10 10 0 K
0.763691629 10 10 1 K
1.141958309 10 10 2 K
1.170258122 10 10 3 K
1.170258263 10 10 0 K
1.217689803 10 10 1 K
1.617051577 10 10 2 K
1.665080179 10 10 3 K
1.665080342 10 10 0 K
1.709101802 10 10 1 K
2.138526806 10 10 2 K
2.184159380 10 10 3 K
2.184159542 10 10 0 K
2.210840870 10 10 1 K
2.625543443 10 10 2 K
2.677157923 10 10 3 K
2.677157999 10 10 0 K
2.697127989 10 10 1 K
3.132620547 10 10 2 K
3.177627884 10 10 3 K
3.177628046 10 10 0 K
3.214965479 10 10 1 K
3.609646707 10 10 2 K
3.641669029 10 10 3 K
3.641669138 10 10 0 K
3.661679672 10 10 1 K
4.080528932 10 10 2 K
4.105549874 10 10 3 K
4.105549972 10 10 0 K
4.134048820 10 10 1 K
4.581696206 10 10 2 K
4.594697164 10 10 3 K
4.594697251 10 10 0 K
4.606278384 10 10 1 K
5.033129668 10 10 2 K
5.052130456 10 10 3 K
5.052130608 10 10 0 K
5.078056576 10 10 1 K
5.562936991 10 10 2 K
5.580386813 10 10 3 K
5.580386911 10 10 0 K
0.000245799 4 4 0 E
0.012660002 4 4 1 E
0.012660292 4 4 2 E
0.060112922 4 4 3 E
0.060113053 4 4 0 E
0.080130580 4 4 1 E
0.437520197 4 4 2 E
0.474529963 4 4 3 E
0.474530018 4 4 0 E
0.492588077 4 4 1 E
0.877816385 4 4 2 E
0.903688279 4 4 3 E
0.903688442 4 4 0 E
0.927906553 4 4 1 E
1.342345895 4 4 2 E
1.359890899 4 4 3 E
1.359891040 4 4 0 E
1.392912562 4 4 1 E
1.871111562 4 4 2 E
1.914642180 4 4 3 E
1.914642343 4 4 0 E
1.952661699 4 4 1 E
2.350084171 4 4 2 E
2.392085103 4 4 3 E
2.392085276 4 4 0 E
2.414090222 4 4 1 E
2.859389329 4 4 2 E
2.906046106 4 4 3 E
2.906046247 4 4 0 E
2.945065113 4 4 1 E
3.353067368 4 4 2 E
3.366190461 4 4 3 E
3.366190559 4 4 0 E
3.379215433 4 4 1 E
3.826020947 4 4 2 E
3.845022678 4 4 3 E
3.845023210 4 4 0 E
3.889054723 4 4 1 E
4.245910602 4 4 2 E
4.274930265 4 4 3 E
4.274930330 4 4 0 E
4.293093008 4 4 1 E
4.751931448 4 4 2 E
4.795843419 4 4 3 E
4.795843571 4 4 0 E
4.815848538 4 4 1 E
5.225177975 4 4 2 E
5.263261815 4 4 3 E
5.263261967 4 4 0 E
5.290282796 4 4 1 E
5.697364760 4 4 2 E
5.742202400 4 4 3 E
5.742202530 4 4 0 E
5.779667416 4 4 1 E
6.076365907 4 4 2 E
6.092127454 4 4 3 E
6.092127530 4 4 0 E
0.000111871 2 2 0 C
0.019449518 2 2 1 C
0.174818615 2 2 2 C
0.189843977 2 2 3 C
0.189844129 2 2 0 C
0.207850735 2 2 1 C
0.539044127 2 2 2 C
0.573063262 2 2 3 C
0.573063328 2 2 0 C
0.622080317 2 2 1 C
0.963757822 2 2 2 C
0.989760267 2 2 3 C
0.989760419 2 2 0 C
1.027776440 2 2 1 C
1.403593042 2 2 2 C
1.433176351 2 2 3 C
1.433176427 2 2 0 C
1.451599310 2 2 1 C
1.914661061 2 2 2 C
1.930848940 2 2 3 C
1.930849124 2 2 0 C
1.953923667 2 2 1 C
2.392096679 2 2 2 C
2.422120587 2 2 3 C
2.422120750 2 2 0 C
2.436703229 2 2 1 C
2.906128086 2 2 2 C
2.936957181 2 2 3 C
2.936957344 2 2 0 C
2.961551010 2 2 1 C
3.366198451 2 2 2 C
3.401575563 2 2 3 C
3.401575661 2 2 0 C
3.447854884 2 2 1 C
3.880047234 2 2 2 C
3.891064074 2 2 3 C
3.891064215 2 2 0 C
3.902680249 2 2 1 C
4.321319516 2 2 2 C
4.357004361 2 2 3 C
4.357004458 2 2 0 C
4.390574250 2 2 1 C
4.822970977 2 2 2 C
4.867983091 2 2 3 C
4.867983178 2 2 0 C
4.886363917 2 2 1 C
5.290283947 2 2 2 C
5.338765972 2 2 3 C
5.338766069 2 2 0 C
5.366374971 2 2 1 C
5.762130517 2 2 2 C
5.780138465 2 2 3 C
5.780138530 2 2 0 C
5.806157384 2 2 1 C
6.110229493 2 2 2 C
6.132257892 2 2 3 C
6.132257979 2 2 0 C
0.000103668 6 6 0 G
0.021736151 6 6 1 G
0.190070487 6 6 2 G
0.237259622 6 6 3 G
0.237259774 6 6 0 G
0.272942783 6 6 1 G
0.602852738 6 6 2 G
0.629879897 6 6 3 G
0.629879995 6 6 0 G
0.672446557 6 6 1 G
1.036814092 6 6 2 G
1.052225025 6 6 3 G
1.052225209 6 6 0 G
1.088175959 6 6 1 G
1.468049001 6 6 2 G
1.501403722 6 6 3 G
1.501403776 6 6 0 G
1.518421413 6 6 1 G
2.013363427 6 6 2 G
2.037364443 6 6 3 G
2.037364584 6 6 0 G
2.071374840 6 6 1 G
2.503766407 6 6 2 G
2.529774371 6 6 3 G
2.529774447 6 6 0 G
2.548307658 6 6 1 G
3.017308650 6 6 2 G
3.048856014 6 6 3 G
3.048856144 6 6 0 G
3.083866660 6 6 1 G
3.465489328 6 6 2 G
3.480575077 6 6 3 G
3.480575239 6 6 0 G
3.505685659 6 6 1 G
3.933435640 6 6 2 G
3.948445325 6 6 3 G
3.948445467 6 6 0 G
3.989471328 6 6 1 G
4.398308745 6 6 2 G
4.441309449 6 6 3 G
4.441309535 6 6 0 G
4.464755318 6 6 1 G
4.910998601 6 6 2 G
4.933000924 6 6 3 G
4.933000978 6 6 0 G
4.983719011 6 6 1 G
5.361847153 6 6 2 G
5.392860071 6 6 3 G
5.392860158 6 6 0 G
5.422240056 6 6 1 G
5.792836389 6 6 2 G
5.805860486 6 6 3 G
5.805860638 6 6 0 G
5.818379657 6 6 1 G
6.132277225 6 6 2 G
6.162297035 6 6 3 G
6.162297122 6 6 0 G
0.000119740 3 3 0 D
0.019448262 3 3 1 D
0.127830404 3 3 2 D
0.174817164 3 3 3 D
0.174817327 3 3 0 D
0.212827061 3 3 1 D
0.573763210 3 3 2 D
0.601789348 3 3 3 D
0.601789434 3 3 0 D
0.645342866 3 3 1 D
0.989774756 3 3 2 D
1.036797691 3 3 3 D
1.036797854 3 3 0 D
1.082821717 3 3 1 D
1.433178694 3 3 2 D
1.468034973 3 3 3 D
1.468035049 3 3 0 D
1.482162389 3 3 1 D
1.966962007 3 3 2 D
2.013362263 3 3 3 D
2.013362426 3 3 0 D
2.037368058 3 3 1 D
2.466711382 3 3 2 D
2.503765072 3 3 3 D
2.503765159 3 3 0 D
2.544292908 3 3 1 D
2.982695173 3 3 2 D
3.017303146 3 3 3 D
3.017303309 3 3 0 D
3.048858869 3 3 1 D
3.451357228 3 3 2 D
3.465465713 3 3 3 D
3.465465810 3 3 0 D
3.509175902 3 3 1 D
3.949352893 3 3 2 D
3.984356229 3 3 3 D
3.984356435 3 3 0 D
3.997548350 3 3 1 D
4.441310770 3 3 2 D
4.461333474 3 3 3 D
4.461333572 3 3 0 D
4.500599956 3 3 1 D
4.934127613 3 3 2 D
4.957725710 3 3 3 D
4.957725884 3 3 0 D
4.987229204 3 3 1 D
5.394090874 3 3 2 D
5.422242325 3 3 3 D
5.422242379 3 3 0 D
5.453246238 3 3 1 D
5.805875139 3 3 2 D
5.833662634 3 3 3 D
5.833662797 3 3 0 D
5.877458389 3 3 1 D
6.199147144 3 3 2 D
6.211171876 3 3 3 D
6.211172017 3 3 0 D
6.261591783 3 3 1 D
6.455692413 3 3 2 D
6.504720017 3 3 3 D
6.504720093 3 3 0 D
0.000071428 9 9 0 J
0.021736838 9 9 1 J
0.237260620 9 9 2 J
0.255071219 9 9 3 J
0.255071632 9 9 0 J
0.280138950 9 9 1 J
0.629881015 9 9 2 J
0.674896595 9 9 3 J
0.674896671 9 9 0 J
0.715467317 9 9 1 J
1.052231783 9 9 2 J
1.096493292 9 9 3 J
1.096493454 9 9 0 J
1.109507707 9 9 1 J
1.501419939 9 9 2 J
1.544994474 9 9 3 J
1.544994550 9 9 0 J
1.592173151 9 9 1 J
2.037366071 9 9 2 J
2.066727246 9 9 3 J
2.066727409 9 9 0 J
2.112732301 9 9 1 J
2.529801020 9 9 2 J
2.573185218 9 9 3 J
2.573185381 9 9 0 J
2.607506341 9 9 1 J
3.048857458 9 9 2 J
3.075830857 9 9 3 J
3.075831053 9 9 0 J
3.101867991 9 9 1 J
3.480598585 9 9 2 J
3.516282262 9 9 3 J
3.516282338 9 9 0 J
3.535262260 9 9 1 J
3.984485851 9 9 2 J
4.005779606 9 9 3 J
4.005779682 9 9 0 J
4.028797860 9 9 1 J
4.461335092 9 9 2 J
4.505406226 9 9 3 J
4.505406334 9 9 0 J
4.551421892 9 9 1 J
4.957838966 9 9 2 J
4.986067090 9 9 3 J
4.986067242 9 9 0 J
5.014069511 9 9 1 J
5.422244018 9 9 2 J
5.472884297 9 9 3 J
5.472884373 9 9 0 J
5.491759633 9 9 1 J
5.833665202 9 9 2 J
5.849692614 9 9 3 J
5.849692745 9 9 0 J
5.890708768 9 9 1 J
6.211192446 9 9 2 J
6.240197823 9 9 3 J
6.240197986 9 9 0 J
6.289358447 9 9 1 J
6.504736010 9 9 2 J
6.539261366 9 9 3 J
6.539261528 9 9 0 J
6.573233793 9 9 1 J
6.830283647 9 9 2 J
6.876305607 9 9 3 J
6.876305672 9 9 0 J
6.904592233 9 9 1 J
7.186264529 9 9 2 J
7.226407302 9 9 3 J
7.226407482 9 9 0 J
0.000185995 7 7 0 H
0.021740709 7 7 1 H
0.256238550 7 7 2 H
0.281201776 7 7 3 H
0.281201895 7 7 0 H
0.317905650 7 7 1 H
0.674905440 7 7 2 H
0.707917722 7 7 3 H
0.707917798 7 7 0 H
0.743922246 7 7 1 H
1.096494453 7 7 2 H
1.107584043 7 7 3 H
1.107584173 7 7 0 H
1.150149231 7 7 1 H
1.545014737 7 7 2 H
1.593402257 7 7 3 H
1.593402387 7 7 0 H
1.628823793 7 7 1 H
2.066729200 7 7 2 H
2.097497029 7 7 3 H
2.097497159 7 7 0 H
2.123626101 7 7 1 H
2.573186172 7 7 2 H
2.598091500 7 7 3 H
2.598091575 7 7 0 H
2.614616628 7 7 1 H
3.075833506 7 7 2 H
3.118468597 7 7 3 H
3.118468749 7 7 0 H
3.168473985 7 7 1 H
3.516283684 7 7 2 H
3.557459179 7 7 3 H
3.557459320 7 7 0 H
3.568364621 7 7 1 H
4.005781137 7 7 2 H
4.043787596 7 7 3 H
4.043787748 7 7 0 H
4.064798854 7 7 1 H
4.505407324 7 7 2 H
4.541417475 7 7 3 H
4.541417562 7 7 0 H
4.571157999 7 7 1 H
4.986068360 7 7 2 H
5.000087283 7 7 3 H
5.000087402 7 7 0 H
5.033129760 7 7 1 H
5.472886377 7 7 2 H
5.513904912 7 7 3 H
5.513904967 7 7 0 H
5.534372190 7 7 1 H
5.850279248 7 7 2 H
5.870292477 7 7 3 H
5.870292596 7 7 0 H
5.911312059 7 7 1 H
6.240199397 7 7 2 H
6.259246160 7 7 3 H
6.259246214 7 7 0 H
6.300258433 7 7 1 H
6.539668191 7 7 2 H
6.569647288 7 7 3 H
6.569647440 7 7 0 H
6.602337663 7 7 1 H
6.876306790 7 7 2 H
6.923234927 7 7 3 H
6.923235079 7 7 0 H
6.947249583 7 7 1 H
7.226425515 7 7 2 H
7.245433810 7 7 3 H
7.245433937 7 7 0 H
0.000055324 1 1 0 B
0.038987999 1 1 1 B
0.357227414 1 1 2 B
0.375563558 1 1 3 B
0.375563645 1 1 0 B
0.420966343 1 1 1 B
0.776600023 1 1 2 B
0.800268232 1 1 3 B
0.800268286 1 1 0 B
0.815011059 1 1 1 B
1.255919562 1 1 2 B
1.273934149 1 1 3 B
1.273934301 1 1 0 B
1.299380077 1 1 1 B
1.745161597 1 1 2 B
1.765213978 1 1 3 B
1.765214140 1 1 0 B
1.813242076 1 1 1 B
2.266668880 1 1 2 B
2.286523464 1 1 3 B
2.286523605 1 1 0 B
2.329613505 1 1 1 B
2.790915781 1 1 2 B
2.813343601 1 1 3 B
2.813343775 1 1 0 B
2.831360703 1 1 1 B
3.265025773 1 1 2 B
3.289052358 1 1 3 B
3.289052423 1 1 0 B
3.303491121 1 1 1 B
3.745998250 1 1 2 B
3.796006788 1 1 3 B
3.796006864 1 1 0 B
3.822086857 1 1 1 B
4.194599238 1 1 2 B
4.205804068 1 1 3 B
4.205804252 1 1 0 B
4.242388248 1 1 1 B
4.709187020 1 1 2 B
4.724206841 1 1 3 B
4.724206906 1 1 0 B
4.764211936 1 1 1 B
5.153696327 1 1 2 B
5.201761639 1 1 3 B
5.201761780 1 1 0 B
5.215777971 1 1 1 B
5.652353215 1 1 2 B
5.665189014 1 1 3 B
5.665189080 1 1 0 B
5.700910561 1 1 1 B
6.026375059 1 1 2 B
6.065031700 1 1 3 B
6.065031874 1 1 0 B
6.105277447 1 1 1 B
6.376166721 1 1 2 B
6.392439875 1 1 3 B
6.392439994 1 1 0 B
6.406463669 1 1 1 B
6.742059013 1 1 2 B
6.791431265 1 1 3 B
6.791431439 1 1 0 B
6.817440438 1 1 1 B
7.093320869 1 1 2 B
7.126375869 1 1 3 B
7.126376344 1 1 0 B
7.153384144 1 1 1 B
7.388961731 1 1 2 B
7.421986639 1 1 3 B
7.421987219 1 1 0 B
0.000087564 13 13 0 N
0.046353862 13 13 1 N
0.390569742 13 13 2 N
0.422570500 13 13 3 N
0.422570630 13 13 0 N
0.443349213 13 13 1 N
0.800293530 13 13 2 N
0.833298213 13 13 3 N
0.833298310 13 13 0 N
0.845333008 13 13 1 N
1.273934686 13 13 2 N
1.291715315 13 13 3 N
1.291715478 13 13 0 N
1.308716769 13 13 1 N
1.765827150 13 13 2 N
1.795083307 13 13 3 N
1.795083383 13 13 0 N
1.809829034 13 13 1 N
2.234521226 13 13 2 N
2.266556500 13 13 3 N
2.266556630 13 13 0 N
2.281600199 13 13 1 N
2.756391342 13 13 2 N
2.790414618 13 13 3 N
2.790414868 13 13 0 N
2.804874656 13 13 1 N
3.239849482 13 13 2 N
3.265022614 13 13 3 N
3.265022777 13 13 0 N
3.298758628 13 13 1 N
3.695203831 13 13 2 N
3.745996589 13 13 3 N
3.745996752 13 13 0 N
3.794606818 13 13 1 N
4.164593466 13 13 2 N
4.194598445 13 13 3 N
4.194598587 13 13 0 N
4.237601628 13 13 1 N
4.668453673 13 13 2 N
4.708460917 13 13 3 N
4.708461015 13 13 0 N
4.753632629 13 13 1 N
5.114920611 13 13 2 N
5.153695101 13 13 3 N
5.153695253 13 13 0 N
5.201760640 13 13 1 N
5.627790724 13 13 2 N
5.651188872 13 13 3 N
5.651188959 13 13 0 N
5.672201160 13 13 1 N
5.995240708 13 13 2 N
6.026373713 13 13 3 N
6.026373909 13 13 0 N
6.069680915 13 13 1 N
6.330146114 13 13 2 N
6.361146795 13 13 3 N
6.361146871 13 13 0 N
6.404089679 13 13 1 N
6.704674580 13 13 2 N
6.742057862 13 13 3 N
6.742058025 13 13 0 N
6.778081292 13 13 1 N
7.068295970 13 13 2 N
7.093305528 13 13 3 N
7.093305581 13 13 0 N
7.104405589 13 13 1 N
7.328922247 13 13 2 N
7.346923432 13 13 3 N
7.346923580 13 13 0 N
7.388945218 13 13 1 N
7.593454717 13 13 2 N
7.624034078 13 13 3 N
7.624034152 13 13 0 N
7.642104003 13 13 1 N
7.778359461 13 13 2 N
7.811587554 13 13 3 N
7.811587660 13 13 0 N
0.000079684 12 12 0 M
0.049596750 12 12 1 M
0.422635440 12 12 2 M
0.437519155 12 12 3 M
0.437519296 12 12 0 M
0.466849416 12 12 1 M
0.835206957 12 12 2 M
0.877815761 12 12 3 M
0.877815913 12 12 0 M
0.923813560 12 12 1 M
1.291716314 12 12 2 M
1.342326783 12 12 3 M
1.342326946 12 12 0 M
1.357565139 12 12 1 M
1.795084870 12 12 2 M
1.823089940 12 12 3 M
1.823090092 12 12 0 M
1.845169756 12 12 1 M
2.286525212 12 12 2 M
2.334072856 12 12 3 M
2.334072997 12 12 0 M
2.372332005 12 12 1 M
2.813352798 12 12 2 M
2.826375494 12 12 3 M
2.826375570 12 12 0 M
2.856433159 12 12 1 M
3.289053303 12 12 2 M
3.323061356 12 12 3 M
3.323061519 12 12 0 M
3.341067990 12 12 1 M
3.796007808 12 12 2 M
3.826019221 12 12 3 M
3.826019363 12 12 0 M
3.859654083 12 12 1 M
4.205805989 12 12 2 M
4.245900906 12 12 3 M
4.245901004 12 12 0 M
4.262531923 12 12 1 M
4.724222226 12 12 2 M
4.751910650 12 12 3 M
4.751910737 12 12 0 M
4.775694342 12 12 1 M
5.201765087 12 12 2 M
5.225176488 12 12 3 M
5.225176672 12 12 0 M
5.275180085 12 12 1 M
5.666332824 12 12 2 M
5.697364165 12 12 3 M
5.697364241 12 12 0 M
5.736377335 12 12 1 M
6.065033567 12 12 2 M
6.075041974 12 12 3 M
6.075042126 12 12 0 M
6.101064071 12 12 1 M
6.361147348 12 12 2 M
6.376151901 12 12 3 M
6.376151966 12 12 0 M
6.404089148 12 12 1 M
6.689033403 12 12 2 M
6.704672832 12 12 3 M
6.704673016 12 12 0 M
6.739624904 12 12 1 M
7.028278070 12 12 2 M
7.068282818 12 12 3 M
7.068282987 12 12 0 M
7.112636694 12 12 1 M
7.346938611 12 12 2 M
7.388960749 12 12 3 M
7.388960918 12 12 0 M
7.405984958 12 12 1 M
7.624035113 12 12 2 M
7.639850912 12 12 3 M
7.639851007 12 12 0 M
7.658860929 12 12 1 M
7.811595625 12 12 2 M
7.848606892 12 12 3 M
7.848606945 12 12 0 M
0.000382497 11 11 0 L
0.014956719 11 11 1 L
0.090824522 11 11 2 L
0.127829134 11 11 3 L
0.127829242 11 11 0 L
0.149231114 11 11 1 L
0.508036972 11 11 2 L
0.539042911 11 11 3 L
0.539043020 11 11 0 L
0.561097853 11 11 1 L
0.914718525 11 11 2 L
0.963742359 11 11 3 L
0.963742522 11 11 0 L
0.994491628 11 11 1 L
1.376403693 11 11 2 L
1.403585432 11 11 3 L
1.403585693 11 11 0 L
1.452600560 11 11 1 L
1.930849501 11 11 2 L
1.966875552 11 11 3 L
1.966875704 11 11 0 L
2.003276752 11 11 1 L
2.422122411 11 11 2 L
2.465714191 11 11 3 L
2.465714451 11 11 0 L
2.492715383 11 11 1 L
2.936959352 11 11 2 L
2.981593341 11 11 3 L
2.981593558 11 11 0 L
3.004608948 11 11 1 L
3.401576786 11 11 2 L
3.451353478 11 11 3 L
3.451353749 11 11 0 L
3.498615528 11 11 1 L
3.891078884 11 11 2 L
3.933434478 11 11 3 L
3.933434641 11 11 0 L
3.947437441 11 11 1 L
4.357008280 11 11 2 L
4.398303968 11 11 3 L
4.398304109 11 11 0 L
4.428309120 11 11 1 L
4.867985784 11 11 2 L
4.910986670 11 11 3 L
4.910986898 11 11 0 L
4.929431273 11 11 1 L
5.338768343 11 11 2 L
5.361846045 11 11 3 L
5.361846273 11 11 0 L
5.375232823 11 11 1 L
5.780813193 11 11 2 L
5.792822339 11 11 3 L
5.792822502 11 11 0 L
5.836001063 11 11 1 L
6.162312079 11 11 2 L
6.199146249 11 11 3 L
6.199146401 11 11 0 L
6.218992287 11 11 1 L
6.429492832 11 11 2 L
6.455587217 11 11 3 L
6.455587402 11 11 0 L
6.483991395 11 11 1 L
6.805477745 11 11 2 L
6.830282627 11 11 3 L
6.830282735 11 11 0 L
6.865456165 11 11 1 L
7.147140780 11 11 2 L
7.186142290 11 11 3 L
7.186142501 11 11 0 L
7.197159739 11 11 1 L
7.467047011 11 11 2 L
7.482049504 11 11 3 L
7.482049599 11 11 0 L
7.527661366 11 11 1 L
7.711062357 11 11 2 L
7.722336467 11 11 3 L
7.722336636 11 11 0 L
7.744343345 11 11 1 L
7.899680348 11 11 2 L
7.943697749 11 11 3 L
7.943697981 11 11 0 L
7.968726596 11 11 1 L
8.086925691 11 11 2 L
8.099215133 11 11 3 L
8.099215208 11 11 0 L
0.000038264 0 0 0 A
0.032077585 0 0 1 A
0.326224544 0 0 2 A
0.357226404 0 0 3 A
0.357226491 0 0 0 A
0.386495040 0 0 1 A
0.749885233 0 0 2 A
0.764912148 0 0 3 A
0.764912213 0 0 0 A
0.814967679 0 0 1 A
1.210582409 0 0 2 A
1.255610999 0 0 3 A
1.255611151 0 0 0 A
1.282082923 0 0 1 A
1.710502506 0 0 2 A
1.745159002 0 0 3 A
1.745159176 0 0 0 A
1.763422141 0 0 1 A
2.213337881 0 0 2 A
2.234519837 0 0 3 A
2.234519978 0 0 0 A
2.256139560 0 0 1 A
2.710268386 0 0 2 A
2.756372572 0 0 3 A
2.756372702 0 0 0 A
2.771907912 0 0 1 A
3.225582546 0 0 2 A
3.239798504 0 0 3 A
3.239798646 0 0 0 A
3.263816392 0 0 1 A
3.665703623 0 0 2 A
3.695203377 0 0 3 A
3.695203453 0 0 0 A
3.727214343 0 0 1 A
4.120828859 0 0 2 A
4.163837028 0 0 3 A
4.163837169 0 0 0 A
4.184689257 0 0 1 A
4.632131554 0 0 2 A
4.667287987 0 0 3 A
4.667288063 0 0 0 A
4.697301953 0 0 1 A
5.089919186 0 0 2 A
5.114920005 0 0 3 A
5.114920200 0 0 0 A
5.152504701 0 0 1 A
5.603959958 0 0 2 A
5.626969928 0 0 3 A
5.626970015 0 0 0 A
5.659981491 0 0 1 A
5.946470979 0 0 2 A
5.995239547 0 0 3 A
5.995239721 0 0 0 A
6.009331968 0 0 1 A
6.310127541 0 0 2 A
6.330145256 0 0 3 A
6.330145310 0 0 0 A
6.373650177 0 0 1 A
6.638994273 0 0 2 A
6.689017963 0 0 3 A
6.689018115 0 0 0 A
6.737319333 0 0 1 A
6.982249517 0 0 2 A
7.028276778 0 0 3 A
7.028276843 0 0 0 A
7.041282792 0 0 1 A
7.315882336 0 0 2 A
7.328907712 0 0 3 A
7.328907860 0 0 0 A
7.348932042 0 0 1 A
7.553437145 0 0 2 A
7.593453225 0 0 3 A
7.593453278 0 0 0 A
7.637475102 0 0 1 A
7.766358490 0 0 2 A
7.778358891 0 0 3 A
7.778359060 0 0 0 A
7.793531916 0 0 1 A
7.943699016 0 0 2 A
7.979936410 0 0 3 A
7.979936494 0 0 0 A
8.015960572 0 0 1 A
8.099218252 0 0 2 A
8.121246587 0 0 3 A
8.121246726 0 0 0 A
0.000095530 5 5 0 F
0.012683941 5 5 1 F
0.060114019 5 5 2 F
0.090819808 5 5 3 F
0.090819874 5 5 0 F
0.116046058 5 5 1 F
0.475030969 5 5 2 F
0.508031565 5 5 3 F
0.508031652 5 5 0 F
0.518037452 5 5 1 F
0.903693454 5 5 2 F
0.914697570 5 5 3 F
0.914697733 5 5 0 F
0.961560451 5 5 1 F
1.359892049 5 5 2 F
1.376402152 5 5 3 F
1.376402326 5 5 0 F
1.388426287 5 5 1 F
1.823090862 5 5 2 F
1.871108913 5 5 3 F
1.871109086 5 5 0 F
1.892325651 5 5 1 F
2.334073920 5 5 2 F
2.350083042 5 5 3 F
2.350083118 5 5 0 F
2.396085213 5 5 1 F
2.826382637 5 5 2 F
2.859387309 5 5 3 F
2.859387472 5 5 0 F
2.903882499 5 5 1 F
3.323062257 5 5 2 F
3.353066348 5 5 3 F
3.353066435 5 5 0 F
3.393242139 5 5 1 F
3.845023677 5 5 2 F
3.880046203 5 5 3 F
3.880046344 5 5 0 F
3.898359827 5 5 1 F
4.274950531 5 5 2 F
4.321317931 5 5 3 F
4.321318094 5 5 0 F
4.340118560 5 5 1 F
4.795850254 5 5 2 F
4.822969544 5 5 3 F
4.822969707 5 5 0 F
4.844592242 5 5 1 F
5.263262703 5 5 2 F
5.290264448 5 5 3 F
5.290264611 5 5 0 F
5.335288199 5 5 1 F
5.742638015 5 5 2 F
5.762097993 5 5 3 F
5.762098178 5 5 0 F
5.802119135 5 5 1 F
6.092153941 5 5 2 F
6.110227959 5 5 3 F
6.110228155 5 5 0 F
6.152231195 5 5 1 F
6.392441221 5 5 2 F
6.429464196 5 5 3 F
6.429464359 5 5 0 F
6.473519374 5 5 1 F
6.791434929 5 5 2 F
6.805460943 5 5 3 F
6.805460997 5 5 0 F
6.818093345 5 5 1 F
7.126377237 5 5 2 F
7.147139368 5 5 3 F
7.147139600 5 5 0 F
7.187153743 5 5 1 F
7.422003015 5 5 2 F
7.467031005 5 5 3 F
7.467031058 5 5 0 F
7.516048194 5 5 1 F
7.639852675 5 5 2 F
7.690709871 5 5 3 F
7.690710039 5 5 0 F
7.738164097 5 5 1 F
7.883647617 5 5 2 F
7.899665935 5 5 3 F
7.899665988 5 5 0 F
7.911684526 5 5 1 F
8.054086257 5 5 2 F
8.086923828 5 5 3 F
8.086924029 5 5 0 F
8.106939081 5 5 1 F
8.151319792 5 5 2 F
8.169500263 5 5 3 F
8.169500412 5 5 0 F
8.213086658 5 5 1 F
8.223521104 5 5 2 F
8.233543219 5 5 3 F
8.233543358 5 5 0 F
8.264867321 5 5 1 F
8.264921887 5 5 2 F
8.302946854 5 5 3 F
8.302947056 5 5 0 F
0.000063505 8 8 0 I
0.026320916 8 8 1 I
0.281241058 8 8 2 I
0.304243220 8 8 3 I
0.304243307 8 8 0 I
0.354246763 8 8 1 I
0.707918971 8 8 2 I
0.733557029 8 8 3 I
0.733557192 8 8 0 I
0.756398806 8 8 1 I
1.107937565 8 8 2 I
1.141956992 8 8 3 I
1.141957144 8 8 0 I
1.178503801 8 8 1 I
1.594049521 8 8 2 I
1.617051156 8 8 3 I
1.617051297 8 8 0 I
1.655840750 8 8 1 I
2.097520805 8 8 2 I
2.138525546 8 8 3 I
2.138525709 8 8 0 I
2.151540547 8 8 1 I
2.598206245 8 8 2 I
2.625523670 8 8 3 I
2.625523843 8 8 0 I
2.652416995 8 8 1 I
3.118469412 8 8 2 I
3.132619247 8 8 3 I
3.132619399 8 8 0 I
3.170215577 8 8 1 I
3.557479214 8 8 2 I
3.606164595 8 8 3 I
3.606164747 8 8 0 I
3.626167879 8 8 1 I
4.044958288 8 8 2 I
4.080527911 8 8 3 I
4.080528085 8 8 0 I
4.108550866 8 8 1 I
4.541417942 8 8 2 I
4.581694545 8 8 3 I
4.581694621 8 8 0 I
4.591748923 8 8 1 I
5.000087999 8 8 2 I
5.033128306 8 8 3 I
5.033128469 8 8 0 I
5.047298135 8 8 1 I
5.513920315 8 8 2 I
5.562921639 8 8 3 I
5.562921715 8 8 0 I
5.589918664 8 8 1 I
5.870308784 8 8 2 I
5.902455088 8 8 3 I
5.902455164 8 8 0 I
5.936300934 8 8 1 I
6.259263353 8 8 2 I
6.298098666 8 8 3 I
6.298098753 8 8 0 I
6.334782782 8 8 1 I
6.569650285 8 8 2 I
6.612960197 8 8 3 I
6.612960371 8 8 0 I
6.657986594 8 8 1 I
6.923236175 8 8 2 I
6.969239382 8 8 3 I
6.969239544 8 8 0 I
6.979278754 8 8 1 I
7.245447409 8 8 2 I
7.277066051 8 8 3 I
7.277066156 8 8 0 I
7.289076328 8 8 1 I
7.482064339 8 8 2 I
7.505080974 8 8 3 I
7.505081048 8 8 0 I
7.527660881 8 8 1 I
7.690712636 8 8 2 I
7.711059654 8 8 3 I
7.711059749 8 8 0 I
7.731083963 8 8 1 I
7.848621896 8 8 2 I
7.883632740 8 8 3 I
7.883632814 8 8 0 I
7.906642170 8 8 1 I
8.029955196 8 8 2 I
8.053969558 8 8 3 I
8.053969748 8 8 0 I
8.078986877 8 8 1 I
8.135303149 8 8 2 I
8.151318863 8 8 3 I
8.151319002 8 8 0 I
8.183796082 8 8 1 I
8.189395783 8 8 2 I
8.223504699 8 8 3 I
8.223504827 8 8 0 I
8.264942744 8 8 1 I
8.302961088 8 8 2 I
8.322469244 8 8 3 I
8.322469415 8 8 0 I
0.000020603 14 14 0 O
0.039065890 14 14 1 O
0.375567281 14 14 2 O
0.390566102 14 14 3 O
0.390566189 14 14 0 O
0.402581772 14 14 1 O
0.764912952 14 14 2 O
0.776582666 14 14 3 O
0.776582742 14 14 0 O
0.789595509 14 14 1 O
1.170260872 14 14 2 O
1.210581421 14 14 3 O
1.210581562 14 14 0 O
1.260580020 14 14 1 O
1.665081189 14 14 2 O
1.710500736 14 14 3 O
1.710500855 14 14 0 O
1.757502000 14 14 1 O
2.184160431 14 14 2 O
2.213336960 14 14 3 O
2.213337101 14 14 0 O
2.224349135 14 14 1 O
2.677159194 14 14 2 O
2.710253276 14 14 3 O
2.710253352 14 14 0 O
2.722072922 14 14 1 O
3.178549708 14 14 2 O
3.225555875 14 14 3 O
3.225556027 14 14 0 O
3.238625858 14 14 1 O
3.641670495 14 14 2 O
3.665688985 14 14 3 O
3.665689094 14 14 0 O
3.703522113 14 14 1 O
4.105551095 14 14 2 O
4.120826915 14 14 3 O
4.120827046 14 14 0 O
4.154846052 14 14 1 O
4.594698521 14 14 2 O
4.632128417 14 14 3 O
4.632128547 14 14 0 O
4.652028283 14 14 1 O
5.052133591 14 14 2 O
5.089917763 14 14 3 O
5.089917904 14 14 0 O
5.111193713 14 14 1 O
5.580401197 14 14 2 O
5.603959025 14 14 3 O
5.603959112 14 14 0 O
5.622995028 14 14 1 O
5.902458389 14 14 2 O
5.946470067 14 14 3 O
5.946470197 14 14 0 O
5.971503650 14 14 1 O
6.298099578 14 14 2 O
6.310126955 14 14 3 O
6.310127009 14 14 0 O
6.339223081 14 14 1 O
6.612961147 14 14 2 O
6.638978794 14 14 3 O
6.638978914 14 14 0 O
6.679964259 14 14 1 O
6.969243585 14 14 2 O
6.982248388 14 14 3 O
6.982248464 14 14 0 O
6.995911314 14 14 1 O
7.277068009 14 14 2 O
7.315880445 14 14 3 O
7.315880603 14 14 0 O
7.339888758 14 14 1 O
7.505084606 14 14 2 O
7.553435308 14 14 3 O
7.553435392 14 14 0 O
7.575448237 14 14 1 O
7.722338377 14 14 2 O
7.766357065 14 14 3 O
7.766357191 14 14 0 O
7.804366831 14 14 1 O
7.979937930 14 14 2 O
8.029954288 14 14 3 O
8.029954415 14 14 0 O
8.043332171 14 14 1 O
8.121263067 14 14 2 O
8.135287922 14 14 3 O
8.135288039 14 14 0 O
8.179362279 14 14 1 O
8.179362493 14 14 2 O
8.189381651 14 14 3 O
8.189381705 14 14 0 O
8.225745486 14 14 1 O
8.233557276 14 14 2 O
8.264899394 14 14 3 O
8.264899511 14 14 0 O
8.293934402 14 14 1 O
8.322483606 14 14 2 O
8.372424954 14 14 3 O
8.372425285 14 14 0 O
-1 15 15 4 LOCAL_SECTION;ENTRY_PROTOCOL;CRITICAL_SECTION;EXIT_PROTOCOL;MAX_TICKET=265;
