0.000080801 2 2 0 R
0.023573632 2 2 1 R
0.026069636 2 2 2 R
0.053053581 2 2 3 R
0.053055603 2 2 0 R
0.096856019 2 2 1 R
0.156571879 2 2 2 R
0.192145616 2 2 3 R
0.192149691 2 2 0 R
0.207539977 2 2 1 R
0.216339204 2 2 2 R
0.255946535 2 2 3 R
0.255956909 2 2 0 R
0.300138049 2 2 1 R
0.307586338 2 2 2 R
0.350429893 2 2 3 R
0.350433996 2 2 0 R
0.398354580 2 2 1 R
0.473496584 2 2 2 R
0.487863737 2 2 3 R
0.487879332 2 2 0 R
0.535925008 2 2 1 R
0.550128298 2 2 2 R
0.592382890 2 2 3 R
0.592392470 2 2 0 R
0.612429184 2 2 1 R
0.623478092 2 2 2 R
0.638037536 2 2 3 R
0.638047837 2 2 0 R
0.669976765 2 2 1 R
0.695424169 2 2 2 R
0.713953345 2 2 3 R
0.713965563 2 2 0 R
0.728393835 2 2 1 R
0.755965679 2 2 2 R
0.775545723 2 2 3 R
0.775549294 2 2 0 R
0.813962911 2 2 1 R
0.832161030 2 2 2 R
0.851288065 2 2 3 R
0.851319897 2 2 0 R
0.871000587 2 2 1 R
0.898959160 2 2 2 R
0.944872265 2 2 3 R
0.944882984 2 2 0 R
0.993234296 2 2 1 R
1.036698275 2 2 2 R
1.075524938 2 2 3 R
1.075538040 2 2 0 R
1.102803127 2 2 1 R
1.115722396 2 2 2 R
1.137557800 2 2 3 R
1.137560107 2 2 0 R
1.150722411 2 2 1 R
1.181498495 2 2 2 R
1.231555025 2 2 3 R
1.231558819 2 2 0 R
1.263196341 2 2 1 R
1.275148199 2 2 2 R
1.301955512 2 2 3 R
1.301966026 2 2 0 R
0.000112227 9 9 0 R
0.047714299 9 9 1 R
0.093378440 9 9 2 R
0.109032436 9 9 3 R
0.109043740 9 9 0 R
0.150202763 9 9 1 R
0.156578002 9 9 2 R
0.173495032 9 9 3 R
0.173501382 9 9 0 R
0.194340221 9 9 1 R
0.216291445 9 9 2 R
0.244030282 9 9 3 R
0.244043740 9 9 0 R
0.278577507 9 9 1 R
0.307564376 9 9 2 R
0.322522355 9 9 3 R
0.322535840 9 9 0 R
0.346225495 9 9 1 R
0.382913334 9 9 2 R
0.409339152 9 9 3 R
0.409355645 9 9 0 R
0.455328106 9 9 1 R
0.473524427 9 9 2 R
0.500306729 9 9 3 R
0.500309361 9 9 0 R
0.540427834 9 9 1 R
0.550132311 9 9 2 R
0.591017757 9 9 3 R
0.591030541 9 9 0 R
0.635751520 9 9 1 R
0.695421865 9 9 2 R
0.743828205 9 9 3 R
0.743832214 9 9 0 R
0.788270614 9 9 1 R
0.832151163 9 9 2 R
0.874704882 9 9 3 R
0.874706051 9 9 0 R
0.913423787 9 9 1 R
0.969612364 9 9 2 R
1.017538086 9 9 3 R
1.017552014 9 9 0 R
1.045926958 9 9 1 R
1.115699229 9 9 2 R
1.130331240 9 9 3 R
1.130333968 9 9 0 R
1.154992762 9 9 1 R
1.181501273 9 9 2 R
1.214212535 9 9 3 R
1.214226137 9 9 0 R
1.247260294 9 9 1 R
1.275139205 9 9 2 R
1.323813443 9 9 3 R
1.323817406 9 9 0 R
1.356468740 9 9 1 R
1.356547584 9 9 2 R
1.377849565 9 9 3 R
1.377863678 9 9 0 R
1.408490801 9 9 1 R
1.425868819 9 9 2 R
1.458953132 9 9 3 R
1.458967770 9 9 0 R
0.000087476 3 3 0 R
0.030458140 3 3 1 R
0.093341820 3 3 2 R
0.121954377 3 3 3 R
0.121967976 3 3 0 R
0.141592158 3 3 1 R
0.156575704 3 3 2 R
0.181312584 3 3 3 R
0.181317806 3 3 0 R
0.192132559 3 3 1 R
0.216286616 3 3 2 R
0.263918434 3 3 3 R
0.263932508 3 3 0 R
0.283779096 3 3 1 R
0.307569078 3 3 2 R
0.323746525 3 3 3 R
0.323754927 3 3 0 R
0.341667359 3 3 1 R
0.382909186 3 3 2 R
0.432481875 3 3 3 R
0.432486990 3 3 0 R
0.466983650 3 3 1 R
0.473533017 3 3 2 R
0.491492834 3 3 3 R
0.491497766 3 3 0 R
0.508544690 3 3 1 R
0.550123945 3 3 2 R
0.586686018 3 3 3 R
0.586693231 3 3 0 R
0.634505113 3 3 1 R
0.695419630 3 3 2 R
0.722788612 3 3 3 R
0.722800063 3 3 0 R
0.755978875 3 3 1 R
0.832135947 3 3 2 R
0.865524131 3 3 3 R
0.865536927 3 3 0 R
0.877120781 3 3 1 R
0.898969013 3 3 2 R
0.946052929 3 3 3 R
0.946055783 3 3 0 R
0.977130862 3 3 1 R
1.036682858 3 3 2 R
1.058144997 3 3 3 R
1.058158647 3 3 0 R
1.092822686 3 3 1 R
1.115708413 3 3 2 R
1.160847235 3 3 3 R
1.160851121 3 3 0 R
1.179254049 3 3 1 R
1.181512288 3 3 2 R
1.221840146 3 3 3 R
1.221853628 3 3 0 R
1.266598920 3 3 1 R
1.275152733 3 3 2 R
1.299638440 3 3 3 R
1.299645337 3 3 0 R
1.320545417 3 3 1 R
1.356524191 3 3 2 R
1.368264152 3 3 3 R
1.368277115 3 3 0 R
1.413050619 3 3 1 R
1.425882086 3 3 2 R
1.465606304 3 3 3 R
1.465620136 3 3 0 R
1.513690032 3 3 1 R
1.521638342 3 3 2 R
1.540429922 3 3 3 R
1.540459918 3 3 0 R
1.559927836 3 3 1 R
1.613378665 3 3 2 R
1.629070705 3 3 3 R
1.629084143 3 3 0 R
1.667672796 3 3 1 R
1.686311795 3 3 2 R
1.711100207 3 3 3 R
1.711104453 3 3 0 R
0.000080813 7 7 0 R
0.031700623 7 7 1 R
0.093347888 7 7 2 R
0.135231311 7 7 3 R
0.135232197 7 7 0 R
0.160952225 7 7 1 R
0.216276226 7 7 2 R
0.249834783 7 7 3 R
0.249848409 7 7 0 R
0.285131795 7 7 1 R
0.307573384 7 7 2 R
0.332518841 7 7 3 R
0.332532591 7 7 0 R
0.371332621 7 7 1 R
0.382926655 7 7 2 R
0.412665115 7 7 3 R
0.412681931 7 7 0 R
0.443265479 7 7 1 R
0.473507242 7 7 2 R
0.516348029 7 7 3 R
0.516351073 7 7 0 R
0.554395105 7 7 1 R
0.623468112 7 7 2 R
0.658874133 7 7 3 R
0.658878085 7 7 0 R
0.707073295 7 7 1 R
0.755954523 7 7 2 R
0.775527476 7 7 3 R
0.775540872 7 7 0 R
0.816427487 7 7 1 R
0.832165703 7 7 2 R
0.866683339 7 7 3 R
0.866693715 7 7 0 R
0.896515831 7 7 1 R
0.898981067 7 7 2 R
0.933411402 7 7 3 R
0.933424761 7 7 0 R
0.953569891 7 7 1 R
0.969627186 7 7 2 R
1.018701896 7 7 3 R
1.018704881 7 7 0 R
1.043574095 7 7 1 R
1.115693805 7 7 2 R
1.136415968 7 7 3 R
1.136418837 7 7 0 R
1.179248472 7 7 1 R
1.181510054 7 7 2 R
1.210689887 7 7 3 R
1.210701169 7 7 0 R
1.237826864 7 7 1 R
1.275134838 7 7 2 R
1.293216135 7 7 3 R
1.293226580 7 7 0 R
1.315737127 7 7 1 R
1.356514212 7 7 2 R
1.403108613 7 7 3 R
1.403112744 7 7 0 R
1.421521754 7 7 1 R
1.425886318 7 7 2 R
1.461375114 7 7 3 R
1.461385996 7 7 0 R
1.503985699 7 7 1 R
1.521633830 7 7 2 R
1.562397437 7 7 3 R
1.562407975 7 7 0 R
1.579009468 7 7 1 R
1.613392958 7 7 2 R
1.658997416 7 7 3 R
1.659038827 7 7 0 R
1.673014183 7 7 1 R
1.686313032 7 7 2 R
1.716586876 7 7 3 R
1.716588998 7 7 0 R
0.000165683 5 5 0 R
0.037315680 5 5 1 R
0.093359190 5 5 2 R
0.133034250 5 5 3 R
0.133036882 5 5 0 R
0.160941629 5 5 1 R
0.216270074 5 5 2 R
0.254603346 5 5 3 R
0.254615490 5 5 0 R
0.278480970 5 5 1 R
0.307559382 5 5 2 R
0.323740736 5 5 3 R
0.323762353 5 5 0 R
0.373513971 5 5 1 R
0.382931538 5 5 2 R
0.427987139 5 5 3 R
0.428004456 5 5 0 R
0.443337105 5 5 1 R
0.473511708 5 5 2 R
0.491475708 5 5 3 R
0.491488874 5 5 0 R
0.531736263 5 5 1 R
0.550126760 5 5 2 R
0.598840126 5 5 3 R
0.598844226 5 5 0 R
0.619918234 5 5 1 R
0.623482384 5 5 2 R
0.665491871 5 5 3 R
0.665493337 5 5 0 R
0.691037588 5 5 1 R
0.695429895 5 5 2 R
0.714002609 5 5 3 R
0.714007585 5 5 0 R
0.746206016 5 5 1 R
0.755970176 5 5 2 R
0.794817689 5 5 3 R
0.794831300 5 5 0 R
0.836475357 5 5 1 R
0.898948805 5 5 2 R
0.944965468 5 5 3 R
0.944976214 5 5 0 R
0.982506809 5 5 1 R
1.036687813 5 5 2 R
1.063505016 5 5 3 R
1.063518808 5 5 0 R
1.101588544 5 5 1 R
1.115717902 5 5 2 R
1.158472819 5 5 3 R
1.158475378 5 5 0 R
1.183842631 5 5 1 R
1.275109713 5 5 2 R
1.308823718 5 5 3 R
1.308837937 5 5 0 R
1.340031826 5 5 1 R
1.356538123 5 5 2 R
1.392569936 5 5 3 R
1.392583545 5 5 0 R
1.409661705 5 5 1 R
1.425873330 5 5 2 R
1.474713917 5 5 3 R
1.474717789 5 5 0 R
1.492497020 5 5 1 R
1.521629239 5 5 2 R
1.569012062 5 5 3 R
1.569022744 5 5 0 R
1.618624822 5 5 1 R
1.686307511 5 5 2 R
1.732409121 5 5 3 R
1.732440139 5 5 0 R
0.000103912 1 1 0 R
0.039706613 1 1 1 R
0.093364837 1 1 2 R
0.105250879 1 1 3 R
0.105266620 1 1 0 R
0.143800144 1 1 1 R
0.156576843 1 1 2 R
0.190969615 1 1 3 R
0.190978368 1 1 0 R
0.219828629 1 1 1 R
0.307544347 1 1 2 R
0.332536495 1 1 3 R
0.332540558 1 1 0 R
0.361018213 1 1 1 R
0.382917439 1 1 2 R
0.400666345 1 1 3 R
0.400685507 1 1 0 R
0.433665829 1 1 1 R
0.473502055 1 1 2 R
0.517438326 1 1 3 R
0.517438954 1 1 0 R
0.566674166 1 1 1 R
0.623473336 1 1 2 R
0.662316897 1 1 3 R
0.662321373 1 1 0 R
0.697654976 1 1 1 R
0.755949066 1 1 2 R
0.783955437 1 1 3 R
0.783968971 1 1 0 R
0.818761819 1 1 1 R
0.832170036 1 1 2 R
0.859129650 1 1 3 R
0.859143976 1 1 0 R
0.884523412 1 1 1 R
0.898973201 1 1 2 R
0.939221123 1 1 3 R
0.939234771 1 1 0 R
0.985954573 1 1 1 R
1.036692929 1 1 2 R
1.053622486 1 1 3 R
1.053635452 1 1 0 R
1.097357566 1 1 1 R
1.115713138 1 1 2 R
1.166271469 1 1 3 R
1.166273137 1 1 0 R
1.177987964 1 1 1 R
1.181508019 1 1 2 R
1.209526015 1 1 3 R
1.209539223 1 1 0 R
1.227222910 1 1 1 R
1.275130398 1 1 2 R
1.289521578 1 1 3 R
1.289534595 1 1 0 R
1.318157341 1 1 1 R
1.356519428 1 1 2 R
1.368281232 1 1 3 R
1.368285253 1 1 0 R
1.399580562 1 1 1 R
1.425863631 1 1 2 R
1.459571475 1 1 3 R
1.459577110 1 1 0 R
1.481912440 1 1 1 R
1.521624232 1 1 2 R
1.555418225 1 1 3 R
1.555432004 1 1 0 R
1.567694694 1 1 1 R
1.613383703 1 1 2 R
1.633442100 1 1 3 R
1.633475312 1 1 0 R
1.675415618 1 1 1 R
1.686314239 1 1 2 R
1.716724599 1 1 3 R
1.716725730 1 1 0 R
1.729206645 1 1 1 R
1.746110841 1 1 2 R
1.775777098 1 1 3 R
1.775780558 1 1 0 R
1.809303522 1 1 1 R
1.897361656 1 1 2 R
1.936354356 1 1 3 R
1.936385630 1 1 0 R
0.000092852 0 0 0 R
0.046527609 0 0 1 R
0.093374278 0 0 2 R
0.129651908 0 0 3 R
0.129654001 0 0 0 R
0.178931029 0 0 1 R
0.216281576 0 0 2 R
0.229488513 0 0 3 R
0.229501783 0 0 0 R
0.253351777 0 0 1 R
0.307554459 0 0 2 R
0.319932481 0 0 3 R
0.319947844 0 0 0 R
0.332613936 0 0 1 R
0.382898540 0 0 2 R
0.402940494 0 0 3 R
0.402957287 0 0 0 R
0.444518832 0 0 1 R
0.473516182 0 0 2 R
0.491499558 0 0 3 R
0.491502508 0 0 0 R
0.539240989 0 0 1 R
0.550131064 0 0 2 R
0.585398478 0 0 3 R
0.585408643 0 0 0 R
0.622320408 0 0 1 R
0.623491242 0 0 2 R
0.662322659 0 0 3 R
0.662323697 0 0 0 R
0.680403570 0 0 1 R
0.695426181 0 0 2 R
0.730606802 0 0 3 R
0.730620207 0 0 0 R
0.759183965 0 0 1 R
0.832141026 0 0 2 R
0.874690220 0 0 3 R
0.874700817 0 0 0 R
0.923141689 0 0 1 R
0.969617989 0 0 2 R
1.014180427 0 0 3 R
1.014184634 0 0 0 R
1.041065597 0 0 1 R
1.115687153 0 0 2 R
1.156175180 0 0 3 R
1.156178067 0 0 0 R
1.202834951 0 0 1 R
1.275115941 0 0 2 R
1.313189356 0 0 3 R
1.313202974 0 0 0 R
1.326166939 0 0 1 R
1.356529490 0 0 2 R
1.392735081 0 0 3 R
1.392745685 0 0 0 R
1.413031133 0 0 1 R
1.425877836 0 0 2 R
1.471432956 0 0 3 R
1.471446430 0 0 0 R
1.517196748 0 0 1 R
1.521642749 0 0 2 R
1.533837706 0 0 3 R
1.533850807 0 0 0 R
1.581460391 0 0 1 R
1.613402017 0 0 2 R
1.633424517 0 0 3 R
1.633437461 0 0 0 R
1.644354805 0 0 1 R
1.686308871 0 0 2 R
1.715412112 0 0 3 R
1.715423994 0 0 0 R
1.736606526 0 0 1 R
1.746112319 0 0 2 R
1.781150170 0 0 3 R
1.781151601 0 0 0 R
1.792494748 0 0 1 R
1.797733285 0 0 2 R
1.814799514 0 0 3 R
1.814804142 0 0 0 R
1.840006352 0 0 1 R
1.897362892 0 0 2 R
1.940525111 0 0 3 R
1.940525590 0 0 0 R
1.988790335 0 0 1 R
2.024585261 0 0 2 R
2.047520397 0 0 3 R
2.047533868 0 0 0 R
0.000094058 8 8 0 R
0.047726734 8 8 1 R
0.093424030 8 8 2 R
0.112433017 8 8 3 R
0.112446242 8 8 0 R
0.156522522 8 8 1 R
0.156592986 8 8 2 R
0.186564325 8 8 3 R
0.186573237 8 8 0 R
0.221083502 8 8 1 R
0.307549817 8 8 2 R
0.322628232 8 8 3 R
0.322642986 8 8 0 R
0.340343043 8 8 1 R
0.382904307 8 8 2 R
0.417447317 8 8 3 R
0.417460809 8 8 0 R
0.454116829 8 8 1 R
0.473520481 8 8 2 R
0.513953508 8 8 3 R
0.513955931 8 8 0 R
0.546786800 8 8 1 R
0.550133374 8 8 2 R
0.580187831 8 8 3 R
0.580196438 8 8 0 R
0.621113510 8 8 1 R
0.623486980 8 8 2 R
0.643522934 8 8 3 R
0.643537031 8 8 0 R
0.688721975 8 8 1 R
0.695428169 8 8 2 R
0.709510369 8 8 3 R
0.709520478 8 8 0 R
0.722970984 8 8 1 R
0.755960168 8 8 2 R
0.789521413 8 8 3 R
0.789536227 8 8 0 R
0.802531571 8 8 1 R
0.832156300 8 8 2 R
0.855774768 8 8 3 R
0.855781673 8 8 0 R
0.877044830 8 8 1 R
0.898964536 8 8 2 R
0.920803534 8 8 3 R
0.920817264 8 8 0 R
0.969634964 8 8 1 R
1.036676965 8 8 2 R
1.087361526 8 8 3 R
1.087366272 8 8 0 R
1.111228678 8 8 1 R
1.115727034 8 8 2 R
1.159673367 8 8 3 R
1.159677520 8 8 0 R
1.173559927 8 8 1 R
1.181503630 8 8 2 R
1.192359400 8 8 3 R
1.192369611 8 8 0 R
1.221857602 8 8 1 R
1.275120878 8 8 2 R
1.315651826 8 8 3 R
1.315666391 8 8 0 R
1.332493349 8 8 1 R
1.356533782 8 8 2 R
1.398434842 8 8 3 R
1.398448562 8 8 0 R
1.433332920 8 8 1 R
1.521607626 8 8 2 R
1.570357141 8 8 3 R
1.570386033 8 8 0 R
1.591978028 8 8 1 R
1.613406541 8 8 2 R
1.645679796 8 8 3 R
1.645690224 8 8 0 R
1.666498130 8 8 1 R
1.686310429 8 8 2 R
1.726897656 8 8 3 R
1.726919883 8 8 0 R
1.743848206 8 8 1 R
1.746113284 8 8 2 R
1.757342063 8 8 3 R
1.757347527 8 8 0 R
1.792534763 8 8 1 R
1.797734231 8 8 2 R
1.847209859 8 8 3 R
1.847210810 8 8 0 R
1.897364632 8 8 1 R
1.954780094 8 8 2 R
2.002291498 8 8 3 R
2.002302153 8 8 0 R
2.047622817 8 8 1 R
2.082081579 8 8 2 R
2.100913580 8 8 3 R
2.100927830 8 8 0 R
0.000059669 6 6 0 R
0.043254924 6 6 1 R
0.093369709 6 6 2 R
0.112454100 6 6 3 R
0.112458014 6 6 0 R
0.128405466 6 6 1 R
0.156573274 6 6 2 R
0.195510257 6 6 3 R
0.195513575 6 6 0 R
0.208732886 6 6 1 R
0.216393270 6 6 2 R
0.245391269 6 6 3 R
0.245401693 6 6 0 R
0.292551453 6 6 1 R
0.307582163 6 6 2 R
0.327110526 6 6 3 R
0.327124272 6 6 0 R
0.361114651 6 6 1 R
0.382921864 6 6 2 R
0.415033160 6 6 3 R
0.415047449 6 6 0 R
0.459607910 6 6 1 R
0.473528709 6 6 2 R
0.501410492 6 6 3 R
0.501412279 6 6 0 R
0.530615987 6 6 1 R
0.550125438 6 6 2 R
0.591193961 6 6 3 R
0.591203594 6 6 0 R
0.627837851 6 6 1 R
0.695415245 6 6 2 R
0.733963983 6 6 3 R
0.733977110 6 6 0 R
0.747512487 6 6 1 R
0.755975376 6 6 2 R
0.801353747 6 6 3 R
0.801357954 6 6 0 R
0.840764030 6 6 1 R
0.898954322 6 6 2 R
0.924496522 6 6 3 R
0.924510184 6 6 0 R
0.935690205 6 6 1 R
0.969622748 6 6 2 R
1.014162386 6 6 3 R
1.014175585 6 6 0 R
1.050349446 6 6 1 R
1.115703964 6 6 2 R
1.159678832 6 6 3 R
1.159679937 6 6 0 R
1.177978501 6 6 1 R
1.181505746 6 6 2 R
1.196562126 6 6 3 R
1.196572558 6 6 0 R
1.221939991 6 6 1 R
1.275125770 6 6 2 R
1.290877991 6 6 3 R
1.290889386 6 6 0 R
1.304361852 6 6 1 R
1.356508999 6 6 2 R
1.393920544 6 6 3 R
1.393931015 6 6 0 R
1.421618041 6 6 1 R
1.425890332 6 6 2 R
1.442041324 6 6 3 R
1.442054139 6 6 0 R
1.468120382 6 6 1 R
1.521618370 6 6 2 R
1.540383113 6 6 3 R
1.540425696 6 6 0 R
1.576650129 6 6 1 R
1.613388615 6 6 2 R
1.656649528 6 6 3 R
1.656661488 6 6 0 R
1.689486948 6 6 1 R
1.746108030 6 6 2 R
1.779969296 6 6 3 R
1.779971443 6 6 0 R
1.808196676 6 6 1 R
1.897360169 6 6 2 R
1.922556588 6 6 3 R
1.922560549 6 6 0 R
1.957214022 6 6 1 R
2.024578344 6 6 2 R
2.036911535 6 6 3 R
2.036924479 6 6 0 R
2.048812835 6 6 1 R
2.082086887 6 6 2 R
2.117456144 6 6 3 R
2.117460292 6 6 0 R
2.130101056 6 6 1 R
2.166312914 6 6 2 R
2.190573208 6 6 3 R
2.190577471 6 6 0 R
2.240661436 6 6 1 R
2.250012270 6 6 2 R
2.287092538 6 6 3 R
2.287096617 6 6 0 R
0.000101400 4 4 0 R
0.032936871 4 4 1 R
0.093353562 4 4 2 R
0.107679241 4 4 3 R
0.107696148 4 4 0 R
0.130730661 4 4 1 R
0.156574508 4 4 2 R
0.170229590 4 4 3 R
0.170234741 4 4 0 R
0.199995654 4 4 1 R
0.216330956 4 4 2 R
0.265268580 4 4 3 R
0.265271632 4 4 0 R
0.285150684 4 4 1 R
0.307577359 4 4 2 R
0.337819305 4 4 3 R
0.337832630 4 4 0 R
0.382889283 4 4 1 R
0.473490788 4 4 2 R
0.495765598 4 4 3 R
0.495779530 4 4 0 R
0.535933224 4 4 1 R
0.550129790 4 4 2 R
0.592395744 4 4 3 R
0.592399030 4 4 0 R
0.629182119 4 4 1 R
0.695417539 4 4 2 R
0.740373334 4 4 3 R
0.740386734 4 4 0 R
0.788259019 4 4 1 R
0.832146246 4 4 2 R
0.873367104 4 4 3 R
0.873377691 4 4 0 R
0.886930198 4 4 1 R
0.898977268 4 4 2 R
0.932079202 4 4 3 R
0.932092215 4 4 0 R
0.961155577 4 4 1 R
0.969631475 4 4 2 R
1.009798915 4 4 3 R
1.009812387 4 4 0 R
1.026289184 4 4 1 R
1.036702438 4 4 2 R
1.082049471 4 4 3 R
1.082062547 4 4 0 R
1.128110999 4 4 1 R
1.181495802 4 4 2 R
1.216505641 4 4 3 R
1.216516209 4 4 0 R
1.249656235 4 4 1 R
1.275143199 4 4 2 R
1.319349246 4 4 3 R
1.319359825 4 4 0 R
1.358847630 4 4 1 R
1.425857852 4 4 2 R
1.438669915 4 4 3 R
1.438683827 4 4 0 R
1.450511460 4 4 1 R
1.521613408 4 4 2 R
1.546808975 4 4 3 R
1.546823141 4 4 0 R
1.579023088 4 4 1 R
1.613397364 4 4 2 R
1.634783800 4 4 3 R
1.634794634 4 4 0 R
1.685043927 4 4 1 R
1.686315157 4 4 2 R
1.697715834 4 4 3 R
1.697732188 4 4 0 R
1.713331443 4 4 1 R
1.746109311 4 4 2 R
1.766502582 4 4 3 R
1.766506513 4 4 0 R
1.806002712 4 4 1 R
1.897358547 4 4 2 R
1.940519979 4 4 3 R
1.940523983 4 4 0 R
1.966464348 4 4 1 R
2.024582098 4 4 2 R
2.055170124 4 4 3 R
2.055174348 4 4 0 R
2.094515550 4 4 1 R
2.166311244 4 4 2 R
2.213161776 4 4 3 R
2.213163058 4 4 0 R
2.226343769 4 4 1 R
2.250008958 4 4 2 R
2.277423379 4 4 3 R
2.277436007 4 4 0 R
2.324683638 4 4 1 R
2.373544089 4 4 2 R
2.402090343 4 4 3 R
2.402094223 4 4 0 R
0.000116286 11 11 0 W
0.042089847 11 11 1 W
0.350457890 11 11 2 W
0.382863753 11 11 3 W
0.382883098 11 11 0 W
0.424735382 11 11 1 W
0.743879842 11 11 2 W
0.755920205 11 11 3 W
0.755938555 11 11 0 W
0.766901747 11 11 1 W
1.087387185 11 11 2 W
1.115658743 11 11 3 W
1.115678621 11 11 0 W
1.157404192 11 11 1 W
1.474739860 11 11 2 W
1.521517982 11 11 3 W
1.521537436 11 11 0 W
1.559841529 11 11 1 W
1.847216840 11 11 2 W
1.897349244 11 11 3 W
1.897355914 11 11 0 W
1.932939764 11 11 1 W
2.213170085 11 11 2 W
2.249990304 11 11 3 W
2.250002958 11 11 0 W
2.278743152 11 11 1 W
2.465447610 11 11 2 W
2.504170860 11 11 3 W
2.504189957 11 11 0 W
2.547750264 11 11 1 W
2.631436031 11 11 2 W
2.648183382 11 11 3 W
2.648201992 11 11 0 W
2.673973638 11 11 1 W
2.723394367 11 11 2 W
2.759812136 11 11 3 W
2.759832682 11 11 0 W
2.774287096 11 11 1 W
2.856778652 11 11 2 W
2.872982125 11 11 3 W
2.873001399 11 11 0 W
2.893979787 11 11 1 W
3.017246448 11 11 2 W
3.027436558 11 11 3 W
3.027455992 11 11 0 W
3.057455431 11 11 1 W
3.179896491 11 11 2 W
3.209084836 11 11 3 W
3.209091363 11 11 0 W
3.256114822 11 11 1 W
3.359135529 11 11 2 W
3.391175356 11 11 3 W
3.391194707 11 11 0 W
0.000125748 10 10 0 W
0.037372847 10 10 1 W
0.135246325 10 10 2 W
0.156565646 10 10 3 W
0.156569416 10 10 0 W
0.181249767 10 10 1 W
0.517442590 10 10 2 W
0.550116667 10 10 3 W
0.550120861 10 10 0 W
0.571827422 10 10 1 W
0.874717019 10 10 2 W
0.898925513 10 10 3 W
0.898939851 10 10 0 W
0.943534384 10 10 1 W
1.231581229 10 10 2 W
1.275080846 10 10 3 W
1.275099074 10 10 0 W
1.299621091 10 10 1 W
1.659057024 10 10 2 W
1.686301658 10 10 3 W
1.686305106 10 10 0 W
1.702861120 10 10 1 W
2.002319283 10 10 2 W
2.024556609 10 10 3 W
2.024571657 10 10 0 W
2.067628760 10 10 1 W
2.323535494 10 10 2 W
2.373515875 10 10 3 W
2.373534875 10 10 0 W
2.408515826 10 10 1 W
2.550191691 10 10 2 W
2.586100084 10 10 3 W
2.586119950 10 10 0 W
2.618117085 10 10 1 W
2.669597941 10 10 2 W
2.700001488 10 10 3 W
2.700020633 10 10 0 W
2.742946400 10 10 1 W
2.786643581 10 10 2 W
2.806974847 10 10 3 W
2.806993097 10 10 0 W
2.817935986 10 10 1 W
2.907228578 10 10 2 W
2.948070041 10 10 3 W
2.948088803 10 10 0 W
2.993222735 10 10 1 W
3.070766755 10 10 2 W
3.093458270 10 10 3 W
3.093473305 10 10 0 W
3.108762439 10 10 1 W
3.227543752 10 10 2 W
3.276317665 10 10 3 W
3.276324730 10 10 0 W
3.324975370 10 10 1 W
3.391209497 10 10 2 W
3.411826747 10 10 3 W
3.411845227 10 10 0 W
3.424210661 10 10 1 W
3.527279953 10 10 2 W
3.539516559 10 10 3 W
3.539534854 10 10 0 W
0.000121882 12 12 0 W
0.012304262 12 12 1 W
0.012312668 12 12 2 W
0.026048120 12 12 3 W
0.026061607 12 12 0 W
0.040870968 12 12 1 W
0.265290158 12 12 2 W
0.307514617 12 12 3 W
0.307533626 12 12 0 W
0.346035575 12 12 1 W
0.665500436 12 12 2 W
0.695402694 12 12 3 W
0.695411374 12 12 0 W
0.721430002 12 12 1 W
1.018724115 12 12 2 W
1.036647381 12 12 3 W
1.036666503 12 12 0 W
1.068030831 12 12 1 W
1.403134886 12 12 2 W
1.425827924 12 12 3 W
1.425848528 12 12 0 W
1.468028634 12 12 1 W
1.781155769 12 12 2 W
1.797728961 12 12 3 W
1.797731812 12 12 0 W
1.811550299 12 12 1 W
2.117481612 12 12 2 W
2.166273988 12 12 3 W
2.166308825 12 12 0 W
2.211976703 12 12 1 W
2.424855111 12 12 2 W
2.465363649 12 12 3 W
2.465383203 12 12 0 W
2.489779728 12 12 1 W
2.608731901 12 12 2 W
2.631401501 12 12 3 W
2.631421688 12 12 0 W
2.681346245 12 12 1 W
2.759847252 12 12 2 W
2.774256780 12 12 3 W
2.774276564 12 12 0 W
2.812476863 12 12 1 W
2.873016085 12 12 2 W
2.907193039 12 12 3 W
2.907213448 12 12 0 W
2.932602366 12 12 1 W
3.027471409 12 12 2 W
3.070732724 12 12 3 W
3.070751638 12 12 0 W
3.090111209 12 12 1 W
3.209094915 12 12 2 W
3.227530447 12 12 3 W
3.227538776 12 12 0 W
3.242888244 12 12 1 W
3.346750373 12 12 2 W
3.359103264 12 12 3 W
3.359121568 12 12 0 W
3.375816544 12 12 1 W
3.478968908 12 12 2 W
3.527244424 12 12 3 W
3.527264015 12 12 0 W
3.546911106 12 12 1 W
3.630550904 12 12 2 W
3.676163158 12 12 3 W
3.676181411 12 12 0 W
0.000059483 14 14 0 W
0.039758737 14 14 1 W
0.195531652 14 14 2 W
0.216240689 14 14 3 W
0.216259199 14 14 0 W
0.258426713 14 14 1 W
0.598865006 14 14 2 W
0.623443899 14 14 3 W
0.623458801 14 14 0 W
0.668750650 14 14 1 W
0.946073477 14 14 2 W
0.969583839 14 14 3 W
0.969602698 14 14 0 W
1.000518286 14 14 1 W
1.323839240 14 14 2 W
1.356486990 14 14 3 W
1.356499541 14 14 0 W
1.388426642 14 14 1 W
1.732446678 14 14 2 W
1.746102389 14 14 3 W
1.746105878 14 14 0 W
1.785339379 14 14 1 W
2.055194694 14 14 2 W
2.082052645 14 14 3 W
2.082072667 14 14 0 W
2.119711529 14 14 1 W
2.402116110 14 14 2 W
2.424821726 14 14 3 W
2.424840380 14 14 0 W
2.454117882 14 14 1 W
2.586167712 14 14 2 W
2.608695991 14 14 3 W
2.608714412 14 14 0 W
2.632539149 14 14 1 W
2.700035249 14 14 2 W
2.723358725 14 14 3 W
2.723380342 14 14 0 W
2.749385265 14 14 1 W
2.807008856 14 14 2 W
2.856745391 14 14 3 W
2.856764246 14 14 0 W
2.882491289 14 14 1 W
2.976541671 14 14 2 W
3.017216153 14 14 3 W
3.017232474 14 14 0 W
3.054946643 14 14 1 W
3.132571144 14 14 2 W
3.179888305 14 14 3 W
3.179892752 14 14 0 W
3.217373644 14 14 1 W
3.319576475 14 14 2 W
3.346716755 14 14 3 W
3.346735923 14 14 0 W
3.375723570 14 14 1 W
3.434590152 14 14 2 W
3.478935158 14 14 3 W
3.478955182 14 14 0 W
3.501867107 14 14 1 W
3.588337651 14 14 2 W
3.630516876 14 14 3 W
3.630535547 14 14 0 W
3.647833052 14 14 1 W
3.691427827 14 14 2 W
3.717084692 14 14 3 W
3.717092176 14 14 0 W
0.000129485 13 13 0 W
0.028251858 13 13 1 W
0.053086706 13 13 2 W
0.093286919 13 13 3 W
0.093331590 13 13 0 W
0.137352405 13 13 1 W
0.432514662 13 13 2 W
0.473460123 13 13 3 W
0.473479284 13 13 0 W
0.499226138 13 13 1 W
0.801378284 13 13 2 W
0.832108473 13 13 3 W
0.832126557 13 13 0 W
0.855755762 13 13 1 W
1.166281556 13 13 2 W
1.181472270 13 13 3 W
1.181478932 13 13 0 W
1.208201232 13 13 1 W
1.570404645 13 13 2 W
1.613350791 13 13 3 W
1.613370236 13 13 0 W
1.653212855 13 13 1 W
1.940528664 13 13 2 W
1.954771698 13 13 3 W
1.954777458 13 13 0 W
1.998160986 13 13 1 W
2.287118417 13 13 2 W
2.323502378 13 13 3 W
2.323520545 13 13 0 W
2.357107591 13 13 1 W
2.504205007 13 13 2 W
2.550160377 13 13 3 W
2.550175606 13 13 0 W
2.575751387 13 13 1 W
2.648250429 13 13 2 W
2.669526845 13 13 3 W
2.669582886 13 13 0 W
2.684602036 13 13 1 W
2.774344590 13 13 2 W
2.786610339 13 13 3 W
2.786629095 13 13 0 W
2.825414945 13 13 1 W
2.948103183 13 13 2 W
2.976508427 13 13 3 W
2.976527433 13 13 0 W
3.014868588 13 13 1 W
3.093487926 13 13 2 W
3.132536731 13 13 3 W
3.132556053 13 13 0 W
3.178725779 13 13 1 W
3.276328961 13 13 2 W
3.319560592 13 13 3 W
3.319569792 13 13 0 W
3.333397670 13 13 1 W
3.411860103 13 13 2 W
3.434556685 13 13 3 W
3.434576075 13 13 0 W
3.482436272 13 13 1 W
3.539549687 13 13 2 W
3.588279021 13 13 3 W
3.588322752 13 13 0 W
3.606892443 13 13 1 W
3.676195398 13 13 2 W
3.691417368 13 13 3 W
3.691423872 13 13 0 W
3.707541021 13 13 1 W
3.717098426 13 13 2 W
3.732494324 13 13 3 W
3.732524715 13 13 0 W
3.760922303 13 13 1 W
3.760936190 13 13 2 W
3.811434962 13 13 3 W
3.811454578 13 13 0 W
3.844034669 13 13 1 W
3.844049296 13 13 2 W
3.863550864 13 13 3 W
3.863597108 13 13 0 W
3.875932426 13 13 1 W
3.875945531 13 13 2 W
3.910361580 13 13 3 W
3.910380804 13 13 0 W
3.923605162 13 13 1 W
3.923618662 13 13 2 W
3.953935160 13 13 3 W
3.953953908 13 13 0 W
4.001443171 13 13 1 W
4.001457125 13 13 2 W
4.015765331 13 13 3 W
4.015784327 13 13 0 W
-1 15 15 4 LOCAL_SECTION;START;READING_ROOM;STOP;EXTRA_LABEL;
