-1 515 15 15
0.036420 17 8 13 5
0.311448 17 8 13 .
0.347781 23 1 11 3
0.302628 32 3 7 1
0.428631 32 3 7 .
0.000417 12 14 8 L
0.129341 12 14 7 L
0.186790 12 14 8 L
0.448698 12 14 8 l
0.470871 39 6 4 7
0.000357 14 12 11 N
0.125976 14 12 10 N
0.142017 14 13 10 N
0.169907 14 13 11 N
0.184992 14 13 10 N
0.224655 14 13 9 N
0.249634 14 13 8 N
0.509379 14 13 8 n
0.000410 4 3 0 D
0.115277 4 4 0 D
0.156996 4 3 0 D
0.188718 4 2 0 D
0.209377 4 2 14 D
0.253792 4 2 0 D
0.286848 4 3 0 D
0.323127 4 2 0 D
0.372238 4 1 0 D
0.396970 4 1 1 D
0.417016 4 2 1 D
0.462819 4 3 1 D
0.509711 4 4 1 D
0.000358 13 0 4 M
0.139659 13 0 5 M
0.155729 13 0 6 M
0.171517 13 0 7 M
0.185703 13 1 7 M
0.208231 13 1 8 M
0.254670 13 0 8 M
0.526032 13 0 8 m
0.000314 15 13 9 O
0.137302 15 14 9 O
0.186788 15 0 9 O
0.215266 15 0 8 O
0.254669 15 0 9 O
0.271081 15 0 10 O
0.313408 15 0 9 O
0.328961 15 1 9 O
0.347803 15 1 10 O
0.577634 15 1 9 o
0.000350 7 9 6 G
0.144427 7 9 7 G
0.166131 7 9 8 G
0.214064 7 9 9 G
0.229964 7 9 10 G
0.271578 7 9 9 G
0.317412 7 8 9 G
0.352304 7 8 10 G
0.396993 7 8 11 G
0.442900 7 8 12 G
0.519019 7 8 13 G
0.562016 7 9 13 G
0.581914 7 9 12 G
0.630060 7 9 11 G
0.000344 2 2 13 B
0.148552 2 1 13 B
0.192305 2 2 13 B
0.224450 2 2 12 B
0.263276 2 3 12 B
0.307652 2 2 12 B
0.343942 2 2 11 B
0.385012 2 2 10 B
0.400867 2 2 9 B
0.641401 2 2 9 b
0.181222 23 1 10 3
0.660287 23 1 10 .
0.000337 6 7 9 F
0.143225 6 7 10 F
0.187521 6 6 10 F
0.233332 6 7 10 F
0.266168 6 6 10 F
0.290065 6 6 11 F
0.305479 6 5 11 F
0.337526 6 5 12 F
0.376262 6 4 12 F
0.386374 6 3 12 F
0.430708 6 4 12 F
0.476383 6 4 13 F
0.515057 6 5 13 F
0.545822 6 5 12 F
0.570172 6 5 11 F
0.609012 6 4 11 F
0.627763 6 3 11 F
0.647762 6 3 12 F
0.683928 6 3 13 F
0.000347 11 3 3 K
0.144455 11 3 4 K
0.192303 11 4 4 K
0.218679 11 4 5 K
0.249220 11 3 5 K
0.288190 11 3 4 K
0.302768 11 3 3 K
0.325897 11 3 4 K
0.360399 11 3 3 K
0.372959 11 3 4 K
0.387851 11 4 4 K
0.404194 11 5 4 K
0.445222 11 5 3 K
0.470905 11 6 3 K
0.700869 11 5 3 k
0.000334 1 9 0 A
0.149964 1 10 0 A
0.160222 1 10 1 A
0.170963 1 9 1 A
0.192279 1 8 1 A
0.208207 1 8 2 A
0.238724 1 8 3 A
0.259541 1 8 4 A
0.270467 1 7 4 A
0.299137 1 8 4 A
0.320884 1 9 4 A
0.359229 1 8 4 A
0.384392 1 8 3 A
0.422052 1 9 3 A
0.466175 1 9 2 A
0.507433 1 9 3 A
0.545620 1 9 2 A
0.565926 1 9 3 A
0.580318 1 9 2 A
0.617174 1 10 2 A
0.651963 1 10 3 A
0.698412 1 10 2 A
0.713400 1 10 3 A
0.195783 25 4 0 6
0.734845 25 4 0 .
0.221608 28 12 3 7
0.780721 28 12 3 .
0.819826 52 11 2 5
0.450572 39 6 3 7
0.867574 39 6 3 .
0.795811 52 11 1 5
0.896813 52 11 1 .
0.711070 48 7 14 6
0.929074 48 7 14 .
0.000357 3 2 5 C
0.145439 3 2 6 C
0.182969 3 2 5 C
0.224449 3 2 4 C
0.243813 3 2 3 C
0.276099 3 2 4 C
0.325920 3 1 4 C
0.358317 3 1 5 C
0.373649 3 1 4 C
0.423486 3 2 4 C
0.472061 3 3 4 C
0.505340 3 4 4 C
0.516364 3 5 4 C
0.548118 3 4 4 C
0.558565 3 4 5 C
0.573970 3 3 5 C
0.607080 3 3 6 C
0.619341 3 3 5 C
0.636498 3 4 5 C
0.655477 3 5 5 C
0.677982 3 5 4 C
0.944599 3 5 4 c
0.758615 50 2 10 9
0.975003 50 2 10 .
0.981701 60 1 0 9
1.026405 60 1 0 .
0.568568 43 7 8 4
1.072221 43 7 8 .
0.000476 9 13 8 I
0.129349 9 14 8 I
0.186789 9 14 9 I
0.211734 9 14 10 I
0.260498 9 14 11 I
0.293213 9 14 12 I
0.323161 9 14 13 I
0.339294 9 14 12 I
0.356446 9 14 13 I
0.396612 9 14 12 I
0.439667 9 14 11 I
0.468802 9 14 10 I
0.507376 9 14 11 I
0.549423 9 14 10 I
0.575237 9 14 11 I
0.588271 9 13 11 I
0.629380 9 13 10 I
0.670834 9 12 10 I
0.692171 9 13 10 I
0.732863 9 13 9 I
0.752846 9 12 9 I
0.772370 9 13 9 I
0.797375 9 12 9 I
0.810372 9 12 10 I
0.856693 9 12 11 I
0.897452 9 12 10 I
0.929273 9 12 9 I
0.974978 9 11 9 I
0.996247 9 11 10 I
1.014110 9 10 10 I
1.048523 9 11 10 I
1.068805 9 10 10 I
1.086740 9 11 10 I
1.108821 9 11 9 I
1.129374 9 11 8 I
1.147906 9 11 7 I
1.180303 9 12 7 I
0.000360 8 7 12 H
0.134569 8 6 12 H
0.174620 8 7 12 H
0.207003 8 7 11 H
0.248034 8 8 11 H
0.277626 8 9 11 H
0.314786 8 9 12 H
0.357478 8 9 13 H
0.399823 8 8 13 H
0.433835 8 8 14 H
0.477687 8 8 13 H
0.519019 8 7 13 H
0.534302 8 6 13 H
0.556431 8 5 13 H
0.597832 8 4 13 H
0.646030 8 4 14 H
0.688333 8 4 13 H
0.711086 8 4 14 H
0.755791 8 3 14 H
0.779969 8 3 13 H
0.811977 8 2 13 H
0.856153 8 2 12 H
0.899097 8 3 12 H
0.938800 8 3 13 H
0.984024 8 3 12 H
1.010762 8 3 13 H
1.057352 8 2 13 H
1.304510 8 2 13 h
0.000340 10 13 5 J
0.136103 10 12 5 J
0.158468 10 12 4 J
0.189920 10 13 4 J
0.203543 10 14 4 J
0.221460 10 13 4 J
0.254585 10 13 3 J
0.303323 10 14 3 J
0.321588 10 0 3 J
0.365307 10 0 4 J
0.381590 10 0 3 J
0.408293 10 1 3 J
0.455234 10 2 3 J
0.480882 10 1 3 J
0.529738 10 2 3 J
0.574727 10 3 3 J
0.588920 10 3 2 J
0.611325 10 3 1 J
0.645148 10 4 1 J
0.680333 10 4 2 J
0.726258 10 3 2 J
0.765455 10 3 1 J
0.809923 10 2 1 J
0.829590 10 2 0 J
0.843129 10 1 0 J
0.877610 10 1 1 J
0.913563 10 2 1 J
0.953787 10 1 1 J
0.999704 10 2 1 J
1.026404 10 2 0 J
1.061906 10 2 14 J
1.324503 10 2 14 j
1.224050 73 8 13 3
1.333188 73 8 13 .
0.955392 58 4 5 6
1.406417 58 4 5 .
0.000322 5 13 1 E
0.147434 5 13 2 E
0.196941 5 13 1 E
0.243136 5 12 1 E
0.280168 5 12 0 E
0.291343 5 12 1 E
0.316595 5 12 2 E
0.340296 5 12 1 E
0.377318 5 13 1 E
0.415126 5 12 1 E
0.429920 5 12 0 E
0.466896 5 13 0 E
0.493743 5 13 1 E
0.543413 5 12 1 E
0.573870 5 13 1 E
0.615865 5 13 2 E
0.663721 5 12 2 E
0.673995 5 12 1 E
0.685583 5 11 1 E
0.723413 5 12 1 E
0.750791 5 13 1 E
0.791776 5 12 1 E
0.819850 5 11 1 E
0.896831 5 11 1 E
0.922875 5 10 1 E
0.933048 5 10 0 E
0.945760 5 9 0 E
0.991701 5 9 1 E
1.015282 5 9 2 E
1.040750 5 9 3 E
1.067535 5 8 3 E
1.089754 5 7 3 E
1.137364 5 6 3 E
1.416685 5 6 3 e
1.412958 82 2 12 6
1.417137 82 2 12 .
1.154456 68 3 6 9
1.442481 68 3 6 .
1.557326 89 2 5 1
1.635105 89 2 5 .
1.273018 76 2 11 4
1.679591 76 2 11 .
1.632977 94 0 10 7
1.703023 94 0 10 .
1.201157 71 12 14 9
1.730189 71 12 14 .
1.469702 85 9 8 9
1.859289 85 9 8 .
1.608751 92 10 9 8
2.089687 92 10 9 .
1.800909 100 0 10 9
2.298360 100 0 10 .
1.933684 104 4 10 5
2.374915 104 4 10 .
1.996089 107 2 3 4
2.383165 107 2 3 .
2.241884 119 5 0 2
2.541346 119 5 0 .
2.464966 129 0 7 7
2.546472 129 0 7 .
2.040290 109 9 8 1
2.591850 109 9 8 .
2.053505 111 1 3 7
2.643205 111 1 3 .
2.285236 122 6 6 4
2.704554 122 6 6 .
2.187556 116 7 4 7
2.758749 116 7 4 .
2.611062 134 5 0 9
3.039130 134 5 0 .
