-1  15  15  15
 0.001622275  13  9  7 N
 0.038548201  13  10  7 N
 0.050824590  13  10  6 N
 0.191699775  13  10  6 n
 0.001311539  3  11  9 D
 0.012786488  3  12  9 D
 0.073260943  3  11  9 D
 0.197002118  3  11  9 d
 0.001653003  14  10  8 O
 0.050838894  14  10  7 O
 0.197795465  14  10  7 o
 0.001444476  7  11  8 H
 0.047657477  7  11  9 H
 0.073248916  7  10  9 H
 0.218903196  7  10  9 h
 0.001236556  1  8  9 B
 0.023866301  1  8  8 B
 0.049028675  1  9  8 B
 0.086075223  1  9  7 B
 0.231994815  1  9  7 b
 0.001197056  0  10  11 A
 0.046418482  0  11  11 A
 0.079205842  0  11  10 A
 0.120153977  0  10  10 A
 0.255964376  0  10  10 a
 0.001350401  4  4  2 E
 0.016011857  4  3  2 E
 0.052110309  4  3  1 E
 0.082393788  4  2  1 E
 0.127065017  4  2  2 E
 0.259210134  4  2  2 e
 0.001562834  11  2  0 L
 0.051662157  11  2  1 L
 0.069866499  11  1  1 L
 0.127074093  11  2  1 L
 0.260252774  11  2  1 l
 0.001275661  2  13  14 C
 0.044983102  2  13  13 C
 0.088869871  2  12  13 C
 0.133645475  2  12  14 C
 0.147954133  2  12  13 C
 0.180486417  2  11  13 C
 0.216596429  2  12  13 C
 0.241501787  2  12  12 C
 0.255638067  2  13  12 C
 0.278809827  2  12  12 C
 0.318078024  2  12  11 C
 0.331110358  2  12  10 C
 0.350219453  2  12  11 C
 0.399250396  2  13  11 C
 0.428684565  2  12  11 C
 0.439266953  2  11  11 C
 0.468472366  2  11  10 C
 0.502165566  2  11  11 C
 0.512942403  2  10  11 C
 0.636162491  2  10  11 c
 0.001592934  12  1  12 M
 0.018034987  12  1  13 M
 0.065047490  12  0  13 M
 0.108810214  12  1  13 M
 0.125268349  12  1  14 M
 0.171070718  12  0  14 M
 0.203058391  12  0  13 M
 0.225870911  12  14  13 M
 0.264504079  12  14  12 M
 0.281781726  12  14  11 M
 0.303681529  12  0  11 M
 0.339458463  12  14  11 M
 0.372740174  12  0  11 M
 0.405958721  12  0  12 M
 0.430825698  12  0  13 M
 0.457642158  12  14  13 M
 0.478371710  12  0  13 M
 0.503142961  12  0  14 M
 0.536014110  12  0  0 M
 0.575857671  12  0  14 M
 0.599015962  12  0  0 M
 0.610044955  12  0  1 M
 0.634062866  12  1  1 M
 0.744263272  12  1  1 m
 0.001474101  8  3  0 I
 0.051673137  8  2  0 I
 0.071630504  8  2  14 I
 0.118958765  8  3  14 I
 0.151581074  8  3  0 I
 0.163684077  8  3  14 I
 0.204910037  8  3  13 I
 0.234312390  8  3  14 I
 0.280832383  8  3  0 I
 0.305059421  8  3  14 I
 0.330470468  8  3  13 I
 0.355105542  8  3  12 I
 0.403070449  8  4  12 I
 0.420995679  8  4  13 I
 0.438332391  8  4  12 I
 0.455851750  8  5  12 I
 0.505596528  8  5  11 I
 0.518822091  8  4  11 I
 0.555238956  8  5  11 I
 0.599326812  8  5  12 I
 0.642553245  8  4  12 I
 0.683806820  8  4  13 I
 0.707457428  8  4  12 I
 0.731286908  8  4  11 I
 0.780530097  8  3  11 I
 0.814328185  8  3  10 I
 0.851018007  8  2  10 I
 0.861149594  8  2  11 I
 0.872662069  8  2  10 I
 0.898050743  8  3  10 I
 0.932796715  8  3  9 I
 0.945020998  8  3  8 I
 0.960363103  8  2  8 I
 0.001503867  9  12  0 J
 0.050180533  9  13  0 J
 0.082428654  9  12  0 J
 0.100534036  9  13  0 J
 0.140716118  9  14  0 J
 0.160887971  9  13  0 J
 0.191745605  9  13  1 J
 0.224986533  9  13  2 J
 0.255184904  9  13  3 J
 0.296627850  9  14  3 J
 0.309647221  9  13  3 J
 0.352686707  9  12  3 J
 0.362992289  9  11  3 J
 0.411608677  9  10  3 J
 0.456096543  9  9  3 J
 0.469831089  9  10  3 J
 0.485204578  9  10  4 J
 0.535044711  9  10  3 J
 0.584218964  9  10  2 J
 0.619608840  9  10  1 J
 0.645033189  9  10  2 J
 0.677743955  9  10  3 J
 0.717913016  9  10  2 J
 0.743304114  9  9  2 J
 0.789020936  9  9  3 J
 0.835035618  9  8  3 J
 0.850898464  9  8  2 J
 0.861934860  9  8  3 J
 0.874614174  9  8  4 J
 0.887415076  9  7  4 J
 0.919101380  9  7  5 J
 0.941901913  9  8  5 J
 0.979548819  9  8  6 J
 1.001507978  9  8  5 J
 1.044628916  9  8  4 J
 1.076883638  9  8  5 J
 1.093587045  9  8  6 J
 1.136883435  9  7  6 J
 1.175182960  9  7  7 J
 1.205776008  9  6  7 J
 1.229853467  9  7  7 J
 0.001534099  10  0  7 K
 0.035624203  10  1  7 K
 0.046407836  10  1  8 K
 0.061152131  10  0  8 K
 0.084600768  10  0  9 K
 0.099930569  10  0  10 K
 0.115579576  10  1  10 K
 0.129435939  10  1  11 K
 0.164674147  10  2  11 K
 0.176549913  10  2  12 K
 0.222351349  10  2  13 K
 0.237893925  10  3  13 K
 0.283285902  10  2  13 K
 0.322771774  10  2  12 K
 0.364141376  10  2  13 K
 0.409456239  10  2  14 K
 0.427201970  10  3  14 K
 0.466653873  10  3  0 K
 0.508535342  10  4  0 K
 0.524192946  10  3  0 K
 0.558382925  10  3  1 K
 0.594198208  10  4  1 K
 0.621054062  10  4  0 K
 0.640182533  10  3  0 K
 0.653161927  10  2  0 K
 0.667318711  10  2  14 K
 0.697801747  10  2  0 K
 0.740162708  10  3  0 K
 0.779786279  10  4  0 K
 0.796392109  10  4  1 K
 0.820223574  10  4  2 K
 0.853169413  10  3  2 K
 0.902226467  10  3  3 K
 0.918060089  10  3  2 K
 0.962526911  10  3  3 K
 0.994802039  10  3  4 K
 1.034878029  10  3  3 K
 1.056425190  10  4  3 K
 1.106138044  10  5  3 K
 1.135909983  10  5  4 K
 1.164184830  10  5  5 K
 1.197907299  10  6  5 K
 1.211003018  10  5  5 K
 1.257345190  10  4  5 K
 1.291766218  10  5  5 K
 1.336177008  10  5  4 K
 1.367522951  10  5  3 K
 1.393380081  10  6  3 K
 1.404852622  10  5  3 K
 1.425376965  10  6  3 K
 1.474798424  10  6  4 K
 1.489467918  10  6  5 K
 1.535550163  10  7  5 K
 1.571029633  10  8  5 K
 1.619859935  10  8  4 K
 1.652222623  10  8  3 K
 1.678097067  10  7  3 K
 1.700266882  10  7  2 K
 1.715722624  10  8  2 K
 1.735696230  10  9  2 K
 1.775321552  10  9  3 K
 1.811460274  10  10  3 K
 1.843937263  10  10  2 K
 1.893709016  10  10  3 K
 1.943666069  10  11  3 K
 1.990725479  10  12  3 K
 2.017767532  10  11  3 K
 2.064557232  10  10  3 K
 2.110780195  10  10  4 K
 2.121739604  10  11  4 K
 2.142010261  10  10  4 K
 2.182840105  10  10  3 K
 2.204010802  10  9  3 K
 2.218580786  10  10  3 K
 2.242801831  10  10  2 K
 2.291924145  10  10  3 K
 2.308394330  10  10  2 K
 2.324578685  10  9  2 K
 2.351539139  10  10  2 K
 2.372590742  10  10  3 K
 0.001382848  5  11  11 F
 0.018965303  5  12  11 F
 0.057681960  5  13  11 F
 0.087724602  5  14  11 F
 0.127608263  5  14  10 F
 0.154499572  5  0  10 F
 0.198075198  5  1  10 F
 0.211625605  5  1  9 F
 0.228974834  5  2  9 F
 0.243896695  5  2  8 F
 0.287658714  5  3  8 F
 0.318526405  5  4  8 F
 0.365285942  5  5  8 F
 0.410833611  5  5  7 F
 0.440477753  5  5  8 F
 0.467231699  5  4  8 F
 0.497095255  5  5  8 F
 0.514073841  5  6  8 F
 0.552295654  5  6  9 F
 0.594861995  5  5  9 F
 0.640947202  5  5  8 F
 0.681272493  5  4  8 F
 0.719086666  5  5  8 F
 0.751163083  5  6  8 F
 0.795575200  5  6  9 F
 0.832621142  5  7  9 F
 0.862580052  5  8  9 F
 0.883251473  5  7  9 F
 0.900015463  5  6  9 F
 0.921338488  5  7  9 F
 0.966447324  5  8  9 F
 1.008948321  5  7  9 F
 1.028566166  5  6  9 F
 1.063158548  5  6  8 F
 1.090203290  5  6  7 F
 1.108356755  5  5  7 F
 1.147425773  5  4  7 F
 1.167670897  5  3  7 F
 1.209226786  5  3  6 F
 1.221866287  5  2  6 F
 1.253538936  5  3  6 F
 1.279807074  5  4  6 F
 1.311944067  5  4  7 F
 1.350195220  5  4  6 F
 1.368238735  5  3  6 F
 1.404830626  5  2  6 F
 1.426038857  5  1  6 F
 1.471118171  5  0  6 F
 1.508709428  5  0  7 F
 1.536524443  5  14  7 F
 1.553935799  5  0  7 F
 1.573119510  5  1  7 F
 1.585412808  5  0  7 F
 1.595498487  5  1  7 F
 1.618909523  5  2  7 F
 1.639230335  5  2  8 F
 1.665981307  5  2  9 F
 1.680307170  5  2  8 F
 1.727172469  5  2  7 F
 1.741115552  5  2  8 F
 1.785028567  5  2  7 F
 1.796983368  5  1  7 F
 1.830482113  5  1  8 F
 1.840565901  5  1  7 F
 1.870005640  5  1  6 F
 1.909167242  5  0  6 F
 1.942632772  5  0  5 F
 1.976967077  5  0  4 F
 1.990273760  5  0  3 F
 2.016519258  5  14  3 F
 2.043616634  5  13  3 F
 2.060272010  5  14  3 F
 2.083202919  5  14  2 F
 2.093492249  5  14  3 F
 2.118266309  5  14  2 F
 2.156418137  5  14  3 F
 2.185752064  5  0  3 F
 2.208397509  5  1  3 F
 2.230892520  5  1  4 F
 2.255666090  5  0  4 F
 2.301509322  5  1  4 F
 2.344662235  5  1  3 F
 2.370387942  5  1  2 F
 2.409974220  5  1  3 F
 2.441734012  5  1  2 F
 2.585229154  5  1  2 f
 0.001413829  6  6  12 G
 0.046270852  6  7  12 G
 0.077293014  6  7  13 G
 0.108679953  6  7  12 G
 0.157807925  6  7  13 G
 0.199782615  6  8  13 G
 0.248444483  6  8  14 G
 0.277191964  6  8  0 G
 0.313532623  6  8  1 G
 0.337279320  6  7  1 G
 0.372641399  6  8  1 G
 0.412888991  6  9  1 G
 0.454077465  6  9  0 G
 0.487526744  6  9  1 G
 0.518431847  6  8  1 G
 0.548439587  6  8  0 G
 0.585193794  6  8  14 G
 0.595899455  6  7  14 G
 0.642149172  6  8  14 G
 0.682396814  6  9  14 G
 0.703551849  6  10  14 G
 0.750535816  6  11  14 G
 0.777874664  6  12  14 G
 0.788657373  6  11  14 G
 0.836954865  6  10  14 G
 0.871191148  6  10  0 G
 0.890975295  6  9  0 G
 0.923053249  6  8  0 G
 0.940707956  6  9  0 G
 0.965658170  6  9  14 G
 1.014194555  6  9  0 G
 1.056755256  6  8  0 G
 1.092851607  6  8  14 G
 1.128923515  6  9  14 G
 1.151188288  6  8  14 G
 1.195579063  6  9  14 G
 1.221754194  6  8  14 G
 1.257042769  6  8  13 G
 1.290085506  6  8  12 G
 1.315549314  6  8  13 G
 1.353017442  6  7  13 G
 1.367513333  6  7  12 G
 1.385705502  6  6  12 G
 1.420523420  6  6  13 G
 1.469934721  6  6  14 G
 1.516614871  6  6  13 G
 1.561204122  6  6  12 G
 1.610677321  6  5  12 G
 1.658955964  6  5  13 G
 1.692948217  6  6  13 G
 1.726747656  6  5  13 G
 1.739637137  6  5  14 G
 1.760987716  6  4  14 G
 1.781376139  6  5  14 G
 1.815757477  6  6  14 G
 1.865598388  6  5  14 G
 1.897725083  6  6  14 G
 1.907919784  6  5  14 G
 1.930969548  6  5  0 G
 1.979493317  6  5  1 G
 1.994612201  6  5  2 G
 2.035220512  6  5  3 G
 2.074615689  6  5  2 G
 2.122899663  6  6  2 G
 2.171740877  6  5  2 G
 2.192640839  6  4  2 G
 2.223140315  6  4  3 G
 2.256202188  6  3  3 G
 2.269153552  6  3  2 G
 2.286036826  6  3  1 G
 2.308659182  6  3  0 G
 2.341707890  6  3  1 G
 2.356421598  6  4  1 G
 2.394833219  6  3  1 G
 2.432826865  6  3  0 G
 2.450605836  6  3  14 G
 2.485535775  6  4  14 G
 2.515701527  6  5  14 G
 2.559122683  6  5  13 G
 2.580730344  6  6  13 G
 2.612784708  6  5  13 G
 2.626518488  6  5  14 G
 2.643202744  6  4  14 G
 2.675249701  6  3  14 G
 2.715998192  6  4  14 G
 2.763867925  6  5  14 G
 2.794490844  6  5  13 G
 2.811983935  6  4  13 G
 2.847451013  6  5  13 G
 2.864545041  6  6  13 G
 2.885253545  6  6  14 G
 2.910247910  6  7  14 G
 2.924309463  6  6  14 G
 2.967747905  6  5  14 G
 2.984087504  6  6  14 G
 2.998039625  6  5  14 G
