-1  15  15  15
 0.001443619  13  13  13 N
 0.012298525  13  14  13 N
 0.026407940  13  0  13 N
 0.072577395  13  1  13 N
 0.108443347  13  2  13 N
 0.121632383  13  3  13 N
 0.171364455  13  4  13 N
 0.204707829  13  5  13 N
 0.228804285  13  6  13 N
 0.250391923  13  7  13 N
 0.266749571  13  8  13 N
 0.277551282  13  9  13 N
 0.293479835  13  10  13 N
 0.336418616  13  11  13 N
 0.377755851  13  12  13 N
 0.403872586  13  13  13 N
 0.443604700  13  14  13 N
 0.470562309  13  0  13 N
 0.505921977  13  1  13 N
 0.001115693  2  2  2 C
 0.022883672  2  2  3 C
 0.045449368  2  2  4 C
 0.077319396  2  2  5 C
 0.100299049  2  2  6 C
 0.112423475  2  2  7 C
 0.152207527  2  2  8 C
 0.163598619  2  2  9 C
 0.186725253  2  2  10 C
 0.215451897  2  2  11 C
 0.261245018  2  2  12 C
 0.306681927  2  2  13 C
 0.325409295  2  2  14 C
 0.373811565  2  2  0 C
 0.388533762  2  2  1 C
 0.411921844  2  2  2 C
 0.460468062  2  2  3 C
 0.489500981  2  2  4 C
 0.527863673  2  2  5 C
 0.001354219  10  10  10 K
 0.031419440  10  10  11 K
 0.078085054  10  10  12 K
 0.108005274  10  10  13 K
 0.143382924  10  10  14 K
 0.162404857  10  10  0 K
 0.184690976  10  10  1 K
 0.221467182  10  10  2 K
 0.266616478  10  10  3 K
 0.316012954  10  10  4 K
 0.355792100  10  10  5 K
 0.368105853  10  10  6 K
 0.382927394  10  10  7 K
 0.398841367  10  10  8 K
 0.447186832  10  10  9 K
 0.458412987  10  10  10 K
 0.473940087  10  10  11 K
 0.522204179  10  10  12 K
 0.547722314  10  10  13 K
 0.560149645  10  10  14 K
 0.609332345  10  10  0 K
 0.001294438  8  8  8 I
 0.026741566  8  8  7 I
 0.059802443  8  8  6 I
 0.076770636  8  8  5 I
 0.112733152  8  8  4 I
 0.130848334  8  8  3 I
 0.158106340  8  8  2 I
 0.171439348  8  8  1 I
 0.203881358  8  8  0 I
 0.244280961  8  8  14 I
 0.277566193  8  8  13 I
 0.297494517  8  8  12 I
 0.315982823  8  8  11 I
 0.365875964  8  8  10 I
 0.423514083  8  8  9 I
 0.455360741  8  8  8 I
 0.493070085  8  8  7 I
 0.511260945  8  8  6 I
 0.524656164  8  8  5 I
 0.542939530  8  8  4 I
 0.620539837  8  8  3 I
 0.659447358  8  8  2 I
 0.674471415  8  8  1 I
 0.701077675  8  8  0 I
 0.748631786  8  8  14 I
 0.762861737  8  8  13 I
 0.809152058  8  8  12 I
 0.001471528  14  14  14 O
 0.030930735  14  14  0 O
 0.076128412  14  14  1 O
 0.098192997  14  14  2 O
 0.122772402  14  14  3 O
 0.157911409  14  14  4 O
 0.193727127  14  14  5 O
 0.226057421  14  14  6 O
 0.267036144  14  14  7 O
 0.290551530  14  14  8 O
 0.305922432  14  14  9 O
 0.343832572  14  14  10 O
 0.391628081  14  14  11 O
 0.403070377  14  14  12 O
 0.428113121  14  14  13 O
 0.443591756  14  14  14 O
 0.453676112  14  14  0 O
 0.473414755  14  14  1 O
 0.503994817  14  14  2 O
 0.519263204  14  14  3 O
 0.547608145  14  14  4 O
 0.568994532  14  14  5 O
 0.609143670  14  14  6 O
 0.647281096  14  14  7 O
 0.660303070  14  14  8 O
 0.683409284  14  14  9 O
 0.693684124  14  14  10 O
 0.740663162  14  14  11 O
 0.786943770  14  14  12 O
 0.814828582  14  14  13 O
 0.863557588  14  14  14 O
 0.875947063  14  14  0 O
 0.902964561  14  14  1 O
 0.929754590  14  14  2 O
 0.001145730  3  3  3 D
 0.049614490  3  4  3 D
 0.090482566  3  5  3 D
 0.113942541  3  6  3 D
 0.147856754  3  7  3 D
 0.170562904  3  8  3 D
 0.196139124  3  9  3 D
 0.214985180  3  10  3 D
 0.230744198  3  11  3 D
 0.255057967  3  12  3 D
 0.294250677  3  13  3 D
 0.311580755  3  14  3 D
 0.326159021  3  0  3 D
 0.369611063  3  1  3 D
 0.399754398  3  2  3 D
 0.412195573  3  3  3 D
 0.437384286  3  4  3 D
 0.471511889  3  5  3 D
 0.520777534  3  6  3 D
 0.554316417  3  7  3 D
 0.573193552  3  8  3 D
 0.620526371  3  9  3 D
 0.635961573  3  10  3 D
 0.653785243  3  11  3 D
 0.698528482  3  12  3 D
 0.713813131  3  13  3 D
 0.746113252  3  14  3 D
 0.758028391  3  0  3 D
 0.780090289  3  1  3 D
 0.825653233  3  2  3 D
 0.847852684  3  3  3 D
 0.859062709  3  4  3 D
 0.896439736  3  5  3 D
 0.927181510  3  6  3 D
 0.960583006  3  7  3 D
 0.001049452  0  0  0 A
 0.022739349  0  0  1 A
 0.068124711  0  0  2 A
 0.115448129  0  0  3 A
 0.141278381  0  0  4 A
 0.182901154  0  0  5 A
 0.213807757  0  0  6 A
 0.263073455  0  0  7 A
 0.302919104  0  0  8 A
 0.326939143  0  0  9 A
 0.356156772  0  0  10 A
 0.410946506  0  0  11 A
 0.429573945  0  0  12 A
 0.449855158  0  0  13 A
 0.470548123  0  0  14 A
 0.496617706  0  0  0 A
 0.521900525  0  0  1 A
 0.552147250  0  0  2 A
 0.591595245  0  0  3 A
 0.638001583  0  0  4 A
 0.674747949  0  0  5 A
 0.691495280  0  0  6 A
 0.701742886  0  0  7 A
 0.727307773  0  0  8 A
 0.766064887  0  0  9 A
 0.780616330  0  0  10 A
 0.805740402  0  0  11 A
 0.847376951  0  0  12 A
 0.888047547  0  0  13 A
 0.924427700  0  0  14 A
 0.950882929  0  0  0 A
 0.964653334  0  0  1 A
 1.009471250  0  0  2 A
 1.051542062  0  0  3 A
 1.082354199  0  0  4 A
 1.109060924  0  0  5 A
 1.153498645  0  0  6 A
 1.168876600  0  0  7 A
 1.208114742  0  0  8 A
 1.233856160  0  0  9 A
 1.268302444  0  0  10 A
 1.304997338  0  0  11 A
 1.336628196  0  0  12 A
 1.373391822  0  0  13 A
 1.399296003  0  0  14 A
 1.427019851  0  0  0 A
 1.443694487  0  0  1 A
 1.473332634  0  0  2 A
 1.511355807  0  0  3 A
 1.551642810  0  0  4 A
 1.601143305  0  0  5 A
 1.642545857  0  0  6 A
 1.684394113  0  0  7 A
 1.707898830  0  0  8 A
 1.735931292  0  0  9 A
 1.779290328  0  0  10 A
 1.818076287  0  0  11 A
 1.853604808  0  0  12 A
 1.866573640  0  0  13 A
 1.911261657  0  0  14 A
 1.958030969  0  0  0 A
 2.000613222  0  0  1 A
 2.012523143  0  0  2 A
 2.042110056  0  0  3 A
 2.074320347  0  0  4 A
 2.107382992  0  0  5 A
 2.155798219  0  0  6 A
 0.001414446  12  12  12 M
 0.025934725  12  12  13 M
 0.053156376  12  12  14 M
 0.075239204  12  12  0 M
 0.086602908  12  12  1 M
 0.133375935  12  12  2 M
 0.174081270  12  12  3 M
 0.219041486  12  12  4 M
 0.245329120  12  12  5 M
 0.280607319  12  12  6 M
 0.308405224  12  12  7 M
 0.324922647  12  12  8 M
 0.342832450  12  12  9 M
 0.388068722  12  12  10 M
 0.409790057  12  12  11 M
 0.459128410  12  12  12 M
 0.507665427  12  12  13 M
 0.528194730  12  12  14 M
 0.575162137  12  12  0 M
 0.595962955  12  12  1 M
 0.626752429  12  12  2 M
 0.661472838  12  12  3 M
 0.698515659  12  12  4 M
 0.720893544  12  12  5 M
 0.735576035  12  12  6 M
 0.782647970  12  12  7 M
 0.821103972  12  12  8 M
 0.834546262  12  12  9 M
 0.863032241  12  12  10 M
 0.898362688  12  12  11 M
 0.928138616  12  12  12 M
 0.946953258  12  12  13 M
 0.960326556  12  12  14 M
 0.996676121  12  12  0 M
 1.031110490  12  12  1 M
 1.050002908  12  12  2 M
 1.090140754  12  12  3 M
 1.118739853  12  12  4 M
 1.139739633  12  12  5 M
 1.185895350  12  12  6 M
 1.209005182  12  12  7 M
 1.248191741  12  12  8 M
 1.292271788  12  12  9 M
 1.321314112  12  12  10 M
 1.361383628  12  12  11 M
 1.406426294  12  12  12 M
 1.428582772  12  12  13 M
 1.464720896  12  12  14 M
 1.491429640  12  12  0 M
 1.511124422  12  12  1 M
 1.540051258  12  12  2 M
 1.588878333  12  12  3 M
 1.614429513  12  12  4 M
 1.635341507  12  12  5 M
 1.681815833  12  12  6 M
 1.709633058  12  12  7 M
 1.720194908  12  12  8 M
 1.735226063  12  12  9 M
 1.772056427  12  12  10 M
 1.803026528  12  12  11 M
 1.826945954  12  12  12 M
 1.839030667  12  12  13 M
 1.873079738  12  12  14 M
 1.890877407  12  12  0 M
 1.910705500  12  12  1 M
 1.943296111  12  12  2 M
 1.987418741  12  12  3 M
 2.024808414  12  12  4 M
 2.052253514  12  12  5 M
 2.087208172  12  12  6 M
 2.130078209  12  12  7 M
 2.163437299  12  12  8 M
 2.192977026  12  12  9 M
 2.204981828  12  12  10 M
 2.219348552  12  12  11 M
 0.001083877  1  1  1 B
 0.068136989  1  0  1 B
 0.098201249  1  14  1 B
 0.124132525  1  13  1 B
 0.167412744  1  12  1 B
 0.203368212  1  11  1 B
 0.232030326  1  10  1 B
 0.261187061  1  9  1 B
 0.298578643  1  8  1 B
 0.339152214  1  7  1 B
 0.368379147  1  6  1 B
 0.411133799  1  5  1 B
 0.424942408  1  4  1 B
 0.445532042  1  3  1 B
 0.481101632  1  2  1 B
 0.509694471  1  1  1 B
 0.552158821  1  0  1 B
 0.586147743  1  14  1 B
 0.632068075  1  13  1 B
 0.648738386  1  12  1 B
 0.675498040  1  11  1 B
 0.721247964  1  10  1 B
 0.735992254  1  9  1 B
 0.779132605  1  8  1 B
 0.797543635  1  7  1 B
 0.843379820  1  6  1 B
 0.890093086  1  5  1 B
 0.914656767  1  4  1 B
 0.961339273  1  3  1 B
 0.971538458  1  2  1 B
 0.983404360  1  1  1 B
 1.009484789  1  0  1 B
 1.035580314  1  14  1 B
 1.065434198  1  13  1 B
 1.076157157  1  12  1 B
 1.104196263  1  11  1 B
 1.130472510  1  10  1 B
 1.148912894  1  9  1 B
 1.192254401  1  8  1 B
 1.225535707  1  7  1 B
 1.260694660  1  6  1 B
 1.305319633  1  5  1 B
 1.351322099  1  4  1 B
 1.394935163  1  3  1 B
 1.405054829  1  2  1 B
 1.450676541  1  1  1 B
 1.473383281  1  0  1 B
 1.507856539  1  14  1 B
 1.547601220  1  13  1 B
 1.558809973  1  12  1 B
 1.583821822  1  11  1 B
 1.603362576  1  10  1 B
 1.631210280  1  9  1 B
 1.648938049  1  8  1 B
 1.667050932  1  7  1 B
 1.711188261  1  6  1 B
 1.734989691  1  5  1 B
 1.746109566  1  4  1 B
 1.784926701  1  3  1 B
 1.812016450  1  2  1 B
 1.834754171  1  1  1 B
 1.866591766  1  0  1 B
 1.914608123  1  14  1 B
 1.935396636  1  13  1 B
 1.957433939  1  12  1 B
 1.991282842  1  11  1 B
 2.039516882  1  10  1 B
 2.062412246  1  9  1 B
 2.110247963  1  8  1 B
 2.123820210  1  7  1 B
 2.170232503  1  6  1 B
 2.187302209  1  5  1 B
 2.199345055  1  4  1 B
 2.224760476  1  3  1 B
 0.001175409  4  4  4 E
 0.018023624  4  4  3 E
 0.042719721  4  4  2 E
 0.057626763  4  4  1 E
 0.090586406  4  4  0 E
 0.106444082  4  4  14 E
 0.116959360  4  4  13 E
 0.152666081  4  4  12 E
 0.173063828  4  4  11 E
 0.187784843  4  4  10 E
 0.206143620  4  4  9 E
 0.220219211  4  4  8 E
 0.263408497  4  4  7 E
 0.311148901  4  4  6 E
 0.329426572  4  4  5 E
 0.348366951  4  4  4 E
 0.390563675  4  4  3 E
 0.437372759  4  4  2 E
 0.449194799  4  4  1 E
 0.473675262  4  4  0 E
 0.498007915  4  4  14 E
 0.536510801  4  4  13 E
 0.581025503  4  4  12 E
 0.603680634  4  4  11 E
 0.632870870  4  4  10 E
 0.682104877  4  4  9 E
 0.694224657  4  4  8 E
 0.742367048  4  4  7 E
 0.758911193  4  4  6 E
 0.777327092  4  4  5 E
 0.804024085  4  4  4 E
 0.825351004  4  4  3 E
 0.842387339  4  4  2 E
 0.875511500  4  4  1 E
 0.898024495  4  4  0 E
 0.934323617  4  4  14 E
 0.981964817  4  4  13 E
 0.995614765  4  4  12 E
 1.013627898  4  4  11 E
 1.042728704  4  4  10 E
 1.071486294  4  4  9 E
 1.086904180  4  4  8 E
 1.113708702  4  4  7 E
 1.148548515  4  4  6 E
 1.188035929  4  4  5 E
 1.223514945  4  4  4 E
 1.268530906  4  4  3 E
 1.316288869  4  4  2 E
 1.394949435  4  4  1 E
 1.419336632  4  4  0 E
 1.432617651  4  4  14 E
 1.469731041  4  4  13 E
 1.490360519  4  4  12 E
 1.514879913  4  4  11 E
 1.554505950  4  4  10 E
 1.603463725  4  4  9 E
 1.629407720  4  4  8 E
 1.671624530  4  4  7 E
 1.695754466  4  4  6 E
 1.739004361  4  4  5 E
 1.786157233  4  4  4 E
 1.827038369  4  4  3 E
 1.866846045  4  4  2 E
 1.891102706  4  4  1 E
 1.932693331  4  4  0 E
 1.959570069  4  4  14 E
 1.993987952  4  4  13 E
 2.017880899  4  4  12 E
 2.029732519  4  4  11 E
 2.058064253  4  4  10 E
 2.103827149  4  4  9 E
 2.141471824  4  4  8 E
 2.160922154  4  4  7 E
 2.192703364  4  4  6 E
 2.203826979  4  4  5 E
 2.233610198  4  4  4 E
 2.263563566  4  4  3 E
 2.298155539  4  4  2 E
 0.001204914  5  5  5 F
 0.049197709  5  6  5 F
 0.094513240  5  7  5 F
 0.125595480  5  8  5 F
 0.136398564  5  9  5 F
 0.165617325  5  10  5 F
 0.214136522  5  11  5 F
 0.280619765  5  12  5 F
 0.300757712  5  13  5 F
 0.321726742  5  14  5 F
 0.338283358  5  0  5 F
 0.367430148  5  1  5 F
 0.394149090  5  2  5 F
 0.427644548  5  3  5 F
 0.437726358  5  4  5 F
 0.467394213  5  5  5 F
 0.499373812  5  6  5 F
 0.534208305  5  7  5 F
 0.568144554  5  8  5 F
 0.590793772  5  9  5 F
 0.635854375  5  10  5 F
 0.654946749  5  11  5 F
 0.674234290  5  12  5 F
 0.718795614  5  13  5 F
 0.759454654  5  14  5 F
 0.803685314  5  0  5 F
 0.820510208  5  1  5 F
 0.853978518  5  2  5 F
 0.874503326  5  3  5 F
 0.913843092  5  4  5 F
 0.937394130  5  5  5 F
 0.962839414  5  6  5 F
 0.997665544  5  7  5 F
 1.042856430  5  8  5 F
 1.060120372  5  9  5 F
 1.097742901  5  10  5 F
 1.133959844  5  11  5 F
 1.185908471  5  12  5 F
 1.212862664  5  13  5 F
 1.252148034  5  14  5 F
 1.265732399  5  0  5 F
 1.282800008  5  1  5 F
 1.299466237  5  2  5 F
 1.344478344  5  3  5 F
 1.356768945  5  4  5 F
 1.396343025  5  5  5 F
 1.418382322  5  6  5 F
 1.464828005  5  7  5 F
 1.490979510  5  8  5 F
 1.519019174  5  9  5 F
 1.561799752  5  10  5 F
 1.586525659  5  11  5 F
 1.619401161  5  12  5 F
 1.635156689  5  13  5 F
 1.658392052  5  14  5 F
 1.668769988  5  0  5 F
 1.687464757  5  1  5 F
 1.736519185  5  2  5 F
 1.779652373  5  3  5 F
 1.815547548  5  4  5 F
 1.826177577  5  5  5 F
 1.873283785  5  6  5 F
 1.887365106  5  7  5 F
 1.937168056  5  8  5 F
 1.973082386  5  9  5 F
 2.015167820  5  10  5 F
 2.062485564  5  11  5 F
 2.098866707  5  12  5 F
 2.113530549  5  13  5 F
 2.141340899  5  14  5 F
 2.162559396  5  0  5 F
 2.205015362  5  1  5 F
 2.246579921  5  2  5 F
 2.276507788  5  3  5 F
 2.314375097  5  4  5 F
 2.329281201  5  5  5 F
 0.001384206  11  11  11 L
 0.078096338  11  10  11 L
 0.122725381  11  9  11 L
 0.172285312  11  8  11 L
 0.208750374  11  7  11 L
 0.247794442  11  6  11 L
 0.291917890  11  5  11 L
 0.305441686  11  4  11 L
 0.319778363  11  3  11 L
 0.330037982  11  2  11 L
 0.351596587  11  1  11 L
 0.385877286  11  0  11 L
 0.410935167  11  14  11 L
 0.428761828  11  13  11 L
 0.459136453  11  12  11 L
 0.478063742  11  11  11 L
 0.522216103  11  10  11 L
 0.533307688  11  9  11 L
 0.577545955  11  8  11 L
 0.612565957  11  7  11 L
 0.623229123  11  6  11 L
 0.647035615  11  5  11 L
 0.660544195  11  4  11 L
 0.700285086  11  3  11 L
 0.734798527  11  2  11 L
 0.775804690  11  1  11 L
 0.847389225  11  0  11 L
 0.896887387  11  14  11 L
 0.911672279  11  13  11 L
 0.947482621  11  12  11 L
 0.988463224  11  11  11 L
 1.030746535  11  10  11 L
 1.045200969  11  9  11 L
 1.089429108  11  8  11 L
 1.123908992  11  7  11 L
 1.172459886  11  6  11 L
 1.187468315  11  5  11 L
 1.215869216  11  4  11 L
 1.259464439  11  3  11 L
 1.303858262  11  2  11 L
 1.326925581  11  1  11 L
 1.363888460  11  0  11 L
 1.401737333  11  14  11 L
 1.422062400  11  13  11 L
 1.455818571  11  12  11 L
 1.482117491  11  11  11 L
 1.499916131  11  10  11 L
 1.537985455  11  9  11 L
 1.569419820  11  8  11 L
 1.590676437  11  7  11 L
 1.618109422  11  6  11 L
 1.642097831  11  5  11 L
 1.671756915  11  4  11 L
 1.683302460  11  3  11 L
 1.718277508  11  2  11 L
 1.755046166  11  1  11 L
 1.777843147  11  0  11 L
 1.813811574  11  14  11 L
 1.839235679  11  13  11 L
 1.882843159  11  12  11 L
 1.925581248  11  11  11 L
 1.957643627  11  10  11 L
 2.001106037  11  9  11 L
 2.035313262  11  8  11 L
 2.079058055  11  7  11 L
 2.095905676  11  6  11 L
 2.138975374  11  5  11 L
 2.151935703  11  4  11 L
 2.185468696  11  3  11 L
 2.232491370  11  2  11 L
 2.279973923  11  1  11 L
 2.302508070  11  0  11 L
 2.319431658  11  14  11 L
 2.338678604  11  13  11 L
 2.351708666  11  12  11 L
 2.362384907  11  11  11 L
 0.001264973  7  7  7 H
 0.038080464  7  6  7 H
 0.062050280  7  5  7 H
 0.090867440  7  4  7 H
 0.116642787  7  3  7 H
 0.155917766  7  2  7 H
 0.169797242  7  1  7 H
 0.210412103  7  0  7 H
 0.221088190  7  14  7 H
 0.235531867  7  13  7 H
 0.254319917  7  12  7 H
 0.300251709  7  11  7 H
 0.321074471  7  10  7 H
 0.362382847  7  9  7 H
 0.387261307  7  8  7 H
 0.413976325  7  7  7 H
 0.445459640  7  6  7 H
 0.457781464  7  5  7 H
 0.478933578  7  4  7 H
 0.494863264  7  3  7 H
 0.519100539  7  2  7 H
 0.565067050  7  1  7 H
 0.588205047  7  0  7 H
 0.616781017  7  14  7 H
 0.647269280  7  13  7 H
 0.695721822  7  12  7 H
 0.732613626  7  11  7 H
 0.762596506  7  10  7 H
 0.772704906  7  9  7 H
 0.814721355  7  8  7 H
 0.841053380  7  7  7 H
 0.874667636  7  6  7 H
 0.919185921  7  5  7 H
 0.956584973  7  4  7 H
 0.985187956  7  3  7 H
 1.003160489  7  2  7 H
 1.052177949  7  1  7 H
 1.074614384  7  0  7 H
 1.085851980  7  14  7 H
 1.108211456  7  13  7 H
 1.150634084  7  12  7 H
 1.163902483  7  11  7 H
 1.195102306  7  10  7 H
 1.209472856  7  9  7 H
 1.251586930  7  8  7 H
 1.267475657  7  7  7 H
 1.307372058  7  6  7 H
 1.353526649  7  5  7 H
 1.374820640  7  4  7 H
 1.387462670  7  3  7 H
 1.421617519  7  2  7 H
 1.471471341  7  1  7 H
 1.483808571  7  0  7 H
 1.499838266  7  14  7 H
 1.539943302  7  13  7 H
 1.584713285  7  12  7 H
 1.632281460  7  11  7 H
 1.646757847  7  10  7 H
 1.686828855  7  9  7 H
 1.732134223  7  8  7 H
 1.778499693  7  7  7 H
 1.802183997  7  6  7 H
 1.820336384  7  5  7 H
 1.849814746  7  4  7 H
 1.889646972  7  3  7 H
 1.906032366  7  2  7 H
 1.936502091  7  1  7 H
 1.981146687  7  0  7 H
 2.029432282  7  14  7 H
 2.060568323  7  13  7 H
 2.074224012  7  12  7 H
 2.122589451  7  11  7 H
 2.155908554  7  10  7 H
 2.205110921  7  9  7 H
 2.242090936  7  8  7 H
 2.281002524  7  7  7 H
 2.293207505  7  6  7 H
 2.330999035  7  5  7 H
 2.350584845  7  4  7 H
 2.399436608  7  3  7 H
 2.410426531  7  2  7 H
 2.451600092  7  1  7 H
 2.495761223  7  0  7 H
 0.001235453  6  6  6 G
 0.027415274  6  6  5 G
 0.045016945  6  6  4 G
 0.056253297  6  6  3 G
 0.095063410  6  6  2 G
 0.112218406  6  6  1 G
 0.136078629  6  6  0 G
 0.184380798  6  6  14 G
 0.214224074  6  6  13 G
 0.228775176  6  6  12 G
 0.291926918  6  6  11 G
 0.304087982  6  6  10 G
 0.317100742  6  6  9 G
 0.341485875  6  6  8 G
 0.353728064  6  6  7 G
 0.380574580  6  6  6 G
 0.392450094  6  6  5 G
 0.415082603  6  6  4 G
 0.429604314  6  6  3 G
 0.444066855  6  6  2 G
 0.478845379  6  6  1 G
 0.513203566  6  6  0 G
 0.549406435  6  6  14 G
 0.597118991  6  6  13 G
 0.615267558  6  6  12 G
 0.656690273  6  6  11 G
 0.700867323  6  6  10 G
 0.714058844  6  6  9 G
 0.732323891  6  6  8 G
 0.751756139  6  6  7 G
 0.781818198  6  6  6 G
 0.800231369  6  6  5 G
 0.815781580  6  6  4 G
 0.862613593  6  6  3 G
 0.893806621  6  6  2 G
 0.943212115  6  6  1 G
 0.978954144  6  6  0 G
 1.002784073  6  6  14 G
 1.024642552  6  6  13 G
 1.069971644  6  6  12 G
 1.098111177  6  6  11 G
 1.148171638  6  6  10 G
 1.196165354  6  6  9 G
 1.227128720  6  6  8 G
 1.238296201  6  6  7 G
 1.287371745  6  6  6 G
 1.305144936  6  6  5 G
 1.334930297  6  6  4 G
 1.378203659  6  6  3 G
 1.393772607  6  6  2 G
 1.441207772  6  6  1 G
 1.479552688  6  6  0 G
 1.490261421  6  6  14 G
 1.539168753  6  6  13 G
 1.549377321  6  6  12 G
 1.579162603  6  6  11 G
 1.601726341  6  6  10 G
 1.644811537  6  6  9 G
 1.693960212  6  6  8 G
 1.714195013  6  6  7 G
 1.748037887  6  6  6 G
 1.789321445  6  6  5 G
 1.821644256  6  6  4 G
 1.834917424  6  6  3 G
 1.848397516  6  6  2 G
 1.897431174  6  6  1 G
 1.941563295  6  6  0 G
 1.957482422  6  6  14 G
 1.973953587  6  6  13 G
 2.005723338  6  6  12 G
 2.036359042  6  6  11 G
 2.081722497  6  6  10 G
 2.109117735  6  6  9 G
 2.124634580  6  6  8 G
 2.139333220  6  6  7 G
 2.187334295  6  6  6 G
 2.236202964  6  6  5 G
 2.265505774  6  6  4 G
 2.283436226  6  6  3 G
 2.306657868  6  6  2 G
 2.322828811  6  6  1 G
 2.359557010  6  6  0 G
 2.384827422  6  6  14 G
 2.407577127  6  6  13 G
 2.424491485  6  6  12 G
 2.455436247  6  6  11 G
 2.504882869  6  6  10 G
 2.527780140  6  6  9 G
 2.571269316  6  6  8 G
 2.582768959  6  6  7 G
 2.619921728  6  6  6 G
 2.665357050  6  6  5 G
 2.684396255  6  6  4 G
 0.001324679  9  9  9 J
 0.021385556  9  10  9 J
 0.054500474  9  11  9 J
 0.086398092  9  12  9 J
 0.097047961  9  13  9 J
 0.128660906  9  14  9 J
 0.141709388  9  0  9 J
 0.186065546  9  1  9 J
 0.208908225  9  2  9 J
 0.243859158  9  3  9 J
 0.291598878  9  4  9 J
 0.303073358  9  5  9 J
 0.341497134  9  6  9 J
 0.355080817  9  7  9 J
 0.381401727  9  8  9 J
 0.423502467  9  9  9 J
 0.460568253  9  10  9 J
 0.488426800  9  11  9 J
 0.501078116  9  12  9 J
 0.533354128  9  13  9 J
 0.566877435  9  14  9 J
 0.613868985  9  0  9 J
 0.634246096  9  1  9 J
 0.682792211  9  2  9 J
 0.708043654  9  3  9 J
 0.743587766  9  4  9 J
 0.781069793  9  5  9 J
 0.797084320  9  6  9 J
 0.812729537  9  7  9 J
 0.858457009  9  8  9 J
 0.884164131  9  9  9 J
 0.906558220  9  10  9 J
 0.949229075  9  11  9 J
 0.984728863  9  12  9 J
 1.016540958  9  13  9 J
 1.048931089  9  14  9 J
 1.061989771  9  0  9 J
 1.081025309  9  1  9 J
 1.102821796  9  2  9 J
 1.116314418  9  3  9 J
 1.140528345  9  4  9 J
 1.167368639  9  5  9 J
 1.227143728  9  6  9 J
 1.261142012  9  7  9 J
 1.299504373  9  8  9 J
 1.317595681  9  9  9 J
 1.346058004  9  10  9 J
 1.382659891  9  11  9 J
 1.426253382  9  12  9 J
 1.456070639  9  13  9 J
 1.470473116  9  14  9 J
 1.517003727  9  0  9 J
 1.529049465  9  1  9 J
 1.577532175  9  2  9 J
 1.615490502  9  3  9 J
 1.653887703  9  4  9 J
 1.691657590  9  5  9 J
 1.735584112  9  6  9 J
 1.746274316  9  7  9 J
 1.793361788  9  8  9 J
 1.842661246  9  9  9 J
 1.889720537  9  10  9 J
 1.938720354  9  11  9 J
 1.979052142  9  12  9 J
 2.024260845  9  13  9 J
 2.056042425  9  14  9 J
 2.067966748  9  0  9 J
 2.098391573  9  1  9 J
 2.116999711  9  2  9 J
 2.146501190  9  3  9 J
 2.192423090  9  4  9 J
 2.226102686  9  5  9 J
 2.244073680  9  6  9 J
 2.281065551  9  7  9 J
 2.324672162  9  8  9 J
 2.367986637  9  9  9 J
 2.398291513  9  10  9 J
 2.417975216  9  11  9 J
 2.450552013  9  12  9 J
 2.477107191  9  13  9 J
 2.500495301  9  14  9 J
 2.524848647  9  0  9 J
 2.569052024  9  1  9 J
 2.597737768  9  2  9 J
 2.612272029  9  3  9 J
 2.656180835  9  4  9 J
 2.668213124  9  5  9 J
 2.710353912  9  6  9 J
 2.758777270  9  7  9 J
 2.782240198  9  8  9 J
 2.797576736  9  9  9 J
 2.847045607  9  10  9 J
