0.000082 10 10 0 W
0.000082 10 10 0 W
0.034531 10 10 1 W
0.045903 10 10 2 W
0.057349 10 10 3 W
0.068675 10 10 0 W
0.068675 10 10 0 W
0.390659 10 10 1 W
0.406992 10 10 2 W
0.423340 10 10 3 W
0.439668 10 10 0 W
0.439668 10 10 0 W
0.649162 10 10 1 W
0.665549 10 10 2 W
0.681939 10 10 3 W
0.698511 10 10 0 W
0.698512 10 10 0 W
0.884758 10 10 1 W
0.909721 10 10 2 W
0.934444 10 10 3 W
0.959971 10 10 0 W
0.959972 10 10 0 W
1.184297 10 10 1 W
1.228218 10 10 2 W
1.272213 10 10 3 W
1.316104 10 10 0 W
1.316105 10 10 0 W
1.495636 10 10 1 W
1.536014 10 10 2 W
1.575695 10 10 3 W
1.616091 10 10 0 W
1.616091 10 10 0 W
1.805130 10 10 1 W
1.838775 10 10 2 W
1.871813 10 10 3 W
1.905792 10 10 0 W
1.905792 10 10 0 W
2.047873 10 10 1 W
2.087792 10 10 2 W
2.127439 10 10 3 W
2.167612 10 10 0 W
2.167613 10 10 0 W
2.464635 10 10 1 W
2.513668 10 10 2 W
2.563350 10 10 3 W
2.612290 10 10 0 W
2.612290 10 10 0 W
2.813044 10 10 1 W
2.831429 10 10 2 W
2.849802 10 10 3 W
2.868455 10 10 0 W
2.868456 10 10 0 W
2.987666 10 10 1 W
3.008449 10 10 2 W
3.030186 10 10 3 W
3.051860 10 10 0 W
3.051860 10 10 0 W
3.315216 10 10 1 W
3.337030 10 10 2 W
3.358964 10 10 3 W
3.380568 10 10 0 W
3.380568 10 10 0 W
3.665467 10 10 1 W
3.707719 10 10 2 W
3.749519 10 10 3 W
3.791611 10 10 0 W
3.791612 10 10 0 W
3.977398 10 10 1 W
3.997979 10 10 2 W
4.018603 10 10 3 W
4.038987 10 10 0 W
4.038987 10 10 0 W
4.317359 10 10 1 W
4.362197 10 10 2 W
4.406174 10 10 3 W
4.450154 10 10 0 W
4.450154 10 10 0 W
4.629892 10 10 1 W
4.642111 10 10 2 W
4.654375 10 10 3 W
4.666663 10 10 0 W
0.000091 11 11 0 W
0.000091 11 11 0 W
0.290504 11 11 1 W
0.340567 11 11 2 W
0.390658 11 11 3 W
0.440798 11 11 0 W
0.440798 11 11 0 W
0.681940 11 11 1 W
0.718918 11 11 2 W
0.755897 11 11 3 W
0.793649 11 11 0 W
0.793650 11 11 0 W
1.022490 11 11 1 W
1.048737 11 11 2 W
1.075206 11 11 3 W
1.101648 11 11 0 W
1.101648 11 11 0 W
1.345589 11 11 1 W
1.384690 11 11 2 W
1.423541 11 11 3 W
1.462575 11 11 0 W
1.462575 11 11 0 W
1.598355 11 11 1 W
1.616092 11 11 2 W
1.633501 11 11 3 W
1.651133 11 11 0 W
1.651134 11 11 0 W
1.871815 11 11 1 W
1.903506 11 11 2 W
1.934348 11 11 3 W
1.965365 11 11 0 W
1.965365 11 11 0 W
2.164286 11 11 1 W
2.202607 11 11 2 W
2.240601 11 11 3 W
2.278500 11 11 0 W
2.278500 11 11 0 W
2.563352 11 11 1 W
2.574597 11 11 2 W
2.585689 11 11 3 W
2.596936 11 11 0 W
2.596936 11 11 0 W
2.849803 11 11 1 W
2.888921 11 11 2 W
2.927977 11 11 3 W
2.966863 11 11 0 W
2.966864 11 11 0 W
3.112660 11 11 1 W
3.140900 11 11 2 W
3.169486 11 11 3 W
3.197832 11 11 0 W
3.197833 11 11 0 W
3.453081 11 11 1 W
3.494849 11 11 2 W
3.535894 11 11 3 W
3.577400 11 11 0 W
3.577400 11 11 0 W
3.788416 11 11 1 W
3.813338 11 11 2 W
3.838870 11 11 3 W
3.864600 11 11 0 W
3.864601 11 11 0 W
4.090587 11 11 1 W
4.119110 11 11 2 W
4.147905 11 11 3 W
4.176406 11 11 0 W
4.176406 11 11 0 W
4.434763 11 11 1 W
4.473990 11 11 2 W
4.513570 11 11 3 W
4.553158 11 11 0 W
4.553159 11 11 0 W
4.716259 11 11 1 W
4.734685 11 11 2 W
4.753252 11 11 3 W
4.771905 11 11 0 W
4.771905 11 11 0 W
4.915668 11 11 1 W
4.945779 11 11 2 W
4.975499 11 11 3 W
5.005389 11 11 0 W
0.000114 12 12 0 W
0.000115 12 12 0 W
0.057350 12 12 1 W
0.091519 12 12 2 W
0.125093 12 12 3 W
0.158673 12 12 0 W
0.158674 12 12 0 W
0.423341 12 12 1 W
0.449307 12 12 2 W
0.475249 12 12 3 W
0.500970 12 12 0 W
0.500971 12 12 0 W
0.755898 12 12 1 W
0.805957 12 12 2 W
0.855926 12 12 3 W
0.906454 12 12 0 W
0.906454 12 12 0 W
1.075207 12 12 1 W
1.096400 12 12 2 W
1.116875 12 12 3 W
1.138071 12 12 0 W
1.138071 12 12 0 W
1.423543 12 12 1 W
1.440961 12 12 2 W
1.458367 12 12 3 W
1.474868 12 12 0 W
1.474869 12 12 0 W
1.633503 12 12 1 W
1.665525 12 12 2 W
1.697226 12 12 3 W
1.728971 12 12 0 W
1.728971 12 12 0 W
1.934350 12 12 1 W
1.950022 12 12 2 W
1.965362 12 12 3 W
1.980955 12 12 0 W
1.980956 12 12 0 W
2.127440 12 12 1 W
2.145864 12 12 2 W
2.164284 12 12 3 W
2.183014 12 12 0 W
2.183014 12 12 0 W
2.406246 12 12 1 W
2.435832 12 12 2 W
2.464632 12 12 3 W
2.493282 12 12 0 W
2.493283 12 12 0 W
2.719743 12 12 1 W
2.766240 12 12 2 W
2.813043 12 12 3 W
2.859115 12 12 0 W
2.859115 12 12 0 W
3.030187 12 12 1 W
3.071097 12 12 2 W
3.112658 12 12 3 W
3.154219 12 12 0 W
3.154219 12 12 0 W
3.358965 12 12 1 W
3.406092 12 12 2 W
3.453080 12 12 3 W
3.500116 12 12 0 W
3.500116 12 12 0 W
3.749522 12 12 1 W
3.768966 12 12 2 W
3.788414 12 12 3 W
3.806961 12 12 0 W
3.806962 12 12 0 W
4.018604 12 12 1 W
4.054336 12 12 2 W
4.090585 12 12 3 W
4.126340 12 12 0 W
4.126341 12 12 0 W
4.406175 12 12 1 W
4.420463 12 12 2 W
4.434762 12 12 3 W
4.449059 12 12 0 W
4.449059 12 12 0 W
4.654377 12 12 1 W
4.685148 12 12 2 W
4.716258 12 12 3 W
4.746984 12 12 0 W
4.746985 12 12 0 W
4.886321 12 12 1 W
4.900882 12 12 2 W
4.915667 12 12 3 W
4.930356 12 12 0 W
4.930357 12 12 0 W
5.055861 12 12 1 W
5.083425 12 12 2 W
5.110986 12 12 3 W
5.137786 12 12 0 W
5.137786 12 12 0 W
5.224925 12 12 1 W
5.269873 12 12 2 W
5.314766 12 12 3 W
5.359506 12 12 0 W
5.359506 12 12 0 W
5.448631 12 12 1 W
5.461144 12 12 2 W
5.473629 12 12 3 W
5.485968 12 12 0 W
0.000099 13 13 0 W
0.000099 13 13 0 W
0.198784 13 13 1 W
0.244735 13 13 2 W
0.290503 13 13 3 W
0.336270 13 13 0 W
0.336270 13 13 0 W
0.565350 13 13 1 W
0.607050 13 13 2 W
0.649161 13 13 3 W
0.691219 13 13 0 W
0.691220 13 13 0 W
0.934446 13 13 1 W
0.978422 13 13 2 W
1.022489 13 13 3 W
1.065883 13 13 0 W
1.065883 13 13 0 W
1.272215 13 13 1 W
1.308897 13 13 2 W
1.345588 13 13 3 W
1.381334 13 13 0 W
1.381335 13 13 0 W
1.575696 13 13 1 W
1.587025 13 13 2 W
1.598354 13 13 3 W
1.609700 13 13 0 W
1.609700 13 13 0 W
1.732192 13 13 1 W
1.768437 13 13 2 W
1.805128 13 13 3 W
1.840924 13 13 0 W
1.840924 13 13 0 W
1.988235 13 13 1 W
2.018193 13 13 2 W
2.047872 13 13 3 W
2.077460 13 13 0 W
2.077460 13 13 0 W
2.312237 13 13 1 W
2.359210 13 13 2 W
2.406245 13 13 3 W
2.453321 13 13 0 W
2.453322 13 13 0 W
2.678835 13 13 1 W
2.699285 13 13 2 W
2.719741 13 13 3 W
2.740319 13 13 0 W
2.740319 13 13 0 W
2.964688 13 13 1 W
2.976170 13 13 2 W
2.987665 13 13 3 W
2.999188 13 13 0 W
2.999189 13 13 0 W
3.249071 13 13 1 W
3.282332 13 13 2 W
3.315215 13 13 3 W
3.348399 13 13 0 W
3.348399 13 13 0 W
3.624558 13 13 1 W
3.645011 13 13 2 W
3.665466 13 13 3 W
3.686117 13 13 0 W
3.686118 13 13 0 W
3.910899 13 13 1 W
3.944559 13 13 2 W
3.977397 13 13 3 W
4.010241 13 13 0 W
4.010241 13 13 0 W
4.217457 13 13 1 W
4.267380 13 13 2 W
4.317357 13 13 3 W
4.367457 13 13 0 W
4.367458 13 13 0 W
4.554291 13 13 1 W
4.592124 13 13 2 W
4.629891 13 13 3 W
4.667777 13 13 0 W
4.667777 13 13 0 W
4.847393 13 13 1 W
4.866833 13 13 2 W
4.886320 13 13 3 W
4.906104 13 13 0 W
4.906105 13 13 0 W
4.975500 13 13 1 W
4.987833 13 13 2 W
5.000169 13 13 3 W
5.012670 13 13 0 W
5.012670 13 13 0 W
5.110987 13 13 1 W
5.130568 13 13 2 W
5.150157 13 13 3 W
5.169588 13 13 0 W
5.169589 13 13 0 W
5.314767 13 13 1 W
5.361741 13 13 2 W
5.408198 13 13 3 W
5.454870 13 13 0 W
5.454871 13 13 0 W
5.545779 13 13 1 W
5.593038 13 13 2 W
5.640430 13 13 3 W
5.687195 13 13 0 W
5.687195 13 13 0 W
5.736321 13 13 1 W
5.756936 13 13 2 W
5.777537 13 13 3 W
5.798361 13 13 0 W
5.798362 13 13 0 W
5.901274 13 13 1 W
5.945976 13 13 2 W
5.990069 13 13 3 W
6.035070 13 13 0 W
0.000020 14 14 0 W
0.000020 14 14 0 W
0.125094 14 14 1 W
0.161899 14 14 2 W
0.198783 14 14 3 W
0.235407 14 14 0 W
0.235408 14 14 0 W
0.475250 14 14 1 W
0.520402 14 14 2 W
0.565349 14 14 3 W
0.610275 14 14 0 W
0.610276 14 14 0 W
0.855927 14 14 1 W
0.870340 14 14 2 W
0.884757 14 14 3 W
0.899127 14 14 0 W
0.899127 14 14 0 W
1.116876 14 14 1 W
1.150448 14 14 2 W
1.184296 14 14 3 W
1.217888 14 14 0 W
1.217888 14 14 0 W
1.458368 14 14 1 W
1.477043 14 14 2 W
1.495635 14 14 3 W
1.514253 14 14 0 W
1.514254 14 14 0 W
1.697227 14 14 1 W
1.714640 14 14 2 W
1.732191 14 14 3 W
1.749803 14 14 0 W
1.749804 14 14 0 W
1.965364 14 14 1 W
1.976711 14 14 2 W
1.988234 14 14 3 W
1.999603 14 14 0 W
1.999604 14 14 0 W
2.240603 14 14 1 W
2.276283 14 14 2 W
2.312235 14 14 3 W
2.347958 14 14 0 W
2.347958 14 14 0 W
2.585690 14 14 1 W
2.631803 14 14 2 W
2.678834 14 14 3 W
2.724903 14 14 0 W
2.724903 14 14 0 W
2.927979 14 14 1 W
2.946331 14 14 2 W
2.964687 14 14 3 W
2.983429 14 14 0 W
2.983429 14 14 0 W
3.169488 14 14 1 W
3.209304 14 14 2 W
3.249069 14 14 3 W
3.289645 14 14 0 W
3.289645 14 14 0 W
3.535895 14 14 1 W
3.580630 14 14 2 W
3.624556 14 14 3 W
3.668663 14 14 0 W
3.668663 14 14 0 W
3.838872 14 14 1 W
3.874896 14 14 2 W
3.910898 14 14 3 W
3.946704 14 14 0 W
3.946705 14 14 0 W
4.147907 14 14 1 W
4.182673 14 14 2 W
4.217456 14 14 3 W
4.252043 14 14 0 W
4.252043 14 14 0 W
4.513572 14 14 1 W
4.533858 14 14 2 W
4.554289 14 14 3 W
4.574781 14 14 0 W
4.574781 14 14 0 W
4.753253 14 14 1 W
4.800484 14 14 2 W
4.847392 14 14 3 W
4.894594 14 14 0 W
4.894595 14 14 0 W
5.000170 14 14 1 W
5.028080 14 14 2 W
5.055860 14 14 3 W
5.083423 14 14 0 W
5.083424 14 14 0 W
5.150159 14 14 1 W
5.187078 14 14 2 W
5.224924 14 14 3 W
5.262576 14 14 0 W
5.262576 14 14 0 W
5.408199 14 14 1 W
5.428409 14 14 2 W
5.448630 14 14 3 W
5.468334 14 14 0 W
5.468335 14 14 0 W
5.640432 14 14 1 W
5.688326 14 14 2 W
5.736319 14 14 3 W
5.783785 14 14 0 W
5.783786 14 14 0 W
5.867440 14 14 1 W
5.884320 14 14 2 W
5.901272 14 14 3 W
5.918080 14 14 0 W
5.918081 14 14 0 W
5.990070 14 14 1 W
6.029810 14 14 2 W
6.068967 14 14 3 W
6.108923 14 14 0 W
6.108923 14 14 0 W
6.164305 14 14 1 W
6.200481 14 14 2 W
6.236129 14 14 3 W
6.271718 14 14 0 W
6.271718 14 14 0 W
6.336599 14 14 1 W
6.346978 14 14 2 W
6.358236 14 14 3 W
6.368962 14 14 0 W
0.000038 0 0 0 R
0.000038 0 0 0 R
5.473649 0 0 1 R
5.508660 0 0 2 R
5.543658 0 0 3 R
5.578196 0 0 0 R
5.578196 0 0 0 R
5.777544 0 0 1 R
5.791091 0 0 2 R
5.805081 0 0 3 R
5.818950 0 0 0 R
5.818950 0 0 0 R
6.068970 0 0 1 R
6.099089 0 0 2 R
6.128346 0 0 3 R
6.157824 0 0 0 R
6.157824 0 0 0 R
6.236132 0 0 1 R
6.285564 0 0 2 R
6.335479 0 0 3 R
6.385399 0 0 0 R
6.385400 0 0 0 R
6.429350 0 0 1 R
6.472997 0 0 2 R
6.517110 0 0 3 R
6.560297 0 0 0 R
6.560298 0 0 0 R
6.577384 0 0 1 R
6.595225 0 0 2 R
6.612961 0 0 3 R
6.630833 0 0 0 R
6.630833 0 0 0 R
6.678718 0 0 1 R
6.726700 0 0 2 R
6.774514 0 0 3 R
6.822812 0 0 0 R
6.822813 0 0 0 R
6.852509 0 0 1 R
6.881803 0 0 2 R
6.910888 0 0 3 R
6.940319 0 0 0 R
6.940320 0 0 0 R
6.973380 0 0 1 R
7.007097 0 0 2 R
7.040320 0 0 3 R
7.073611 0 0 0 R
7.073611 0 0 0 R
7.103722 0 0 1 R
7.134146 0 0 2 R
7.164571 0 0 3 R
7.195010 0 0 0 R
7.195010 0 0 0 R
7.226517 0 0 1 R
7.257735 0 0 2 R
7.289194 0 0 3 R
7.320678 0 0 0 R
7.320679 0 0 0 R
7.333354 0 0 1 R
7.346070 0 0 2 R
7.358819 0 0 3 R
7.371481 0 0 0 R
7.371481 0 0 0 R
7.408700 0 0 1 R
7.446551 0 0 2 R
7.484026 0 0 3 R
7.521041 0 0 0 R
0.000108 7 7 0 R
0.000108 7 7 0 R
5.473635 7 7 1 R
5.496563 7 7 2 R
5.519511 7 7 3 R
5.542555 7 7 0 R
5.542556 7 7 0 R
5.777541 7 7 1 R
5.822270 7 7 2 R
5.867439 7 7 3 R
5.912892 7 7 0 R
5.912892 7 7 0 R
6.068969 7 7 1 R
6.114770 7 7 2 R
6.161175 7 7 3 R
6.206973 7 7 0 R
6.206973 7 7 0 R
6.245346 7 7 1 R
6.283456 7 7 2 R
6.321881 7 7 3 R
6.360396 7 7 0 R
6.360396 7 7 0 R
6.383238 7 7 1 R
6.405451 7 7 2 R
6.428222 7 7 3 R
6.451270 7 7 0 R
6.451271 7 7 0 R
6.475158 7 7 1 R
6.498423 7 7 2 R
6.521334 7 7 3 R
6.544897 7 7 0 R
6.544897 7 7 0 R
6.584683 7 7 1 R
6.624599 7 7 2 R
6.665083 7 7 3 R
6.704641 7 7 0 R
6.704641 7 7 0 R
6.725579 7 7 1 R
6.745943 7 7 2 R
6.766885 7 7 3 R
6.787252 7 7 0 R
6.787252 7 7 0 R
6.827104 7 7 1 R
6.866710 7 7 2 R
6.906475 7 7 3 R
6.946750 7 7 0 R
6.946751 7 7 0 R
6.995614 7 7 1 R
7.043448 7 7 2 R
7.091611 7 7 3 R
7.139390 7 7 0 R
7.139390 7 7 0 R
7.174999 7 7 1 R
7.210918 7 7 2 R
7.246566 7 7 3 R
7.282716 7 7 0 R
7.282716 7 7 0 R
7.298671 7 7 1 R
7.315467 7 7 2 R
7.332247 7 7 3 R
7.348305 7 7 0 R
7.348306 7 7 0 R
7.375729 7 7 1 R
7.403481 7 7 2 R
7.430798 7 7 3 R
7.457908 7 7 0 R
7.457908 7 7 0 R
7.497711 7 7 1 R
7.538025 7 7 2 R
7.578159 7 7 3 R
7.617767 7 7 0 R
7.617767 7 7 0 R
7.656170 7 7 1 R
7.694860 7 7 2 R
7.732612 7 7 3 R
7.771306 7 7 0 R
0.000108 5 5 0 R
0.000108 5 5 0 R
5.473634 5 5 1 R
5.489182 5 5 2 R
5.505337 5 5 3 R
5.521682 5 5 0 R
5.521682 5 5 0 R
5.777540 5 5 1 R
5.809327 5 5 2 R
5.840927 5 5 3 R
5.872687 5 5 0 R
5.872688 5 5 0 R
6.068971 5 5 1 R
6.082345 5 5 2 R
6.094841 5 5 3 R
6.107739 5 5 0 R
6.107739 5 5 0 R
6.236131 5 5 1 R
6.278135 5 5 2 R
6.319682 5 5 3 R
6.361502 5 5 0 R
6.361503 5 5 0 R
6.402269 5 5 1 R
6.442977 5 5 2 R
6.483673 5 5 3 R
6.524662 5 5 0 R
6.524662 5 5 0 R
6.570168 5 5 1 R
6.616169 5 5 2 R
6.661881 5 5 3 R
6.707794 5 5 0 R
6.707794 5 5 0 R
6.738536 5 5 1 R
6.770230 5 5 2 R
6.801792 5 5 3 R
6.833304 5 5 0 R
6.833304 5 5 0 R
6.872077 5 5 1 R
6.910838 5 5 2 R
6.949944 5 5 3 R
6.988855 5 5 0 R
6.988856 5 5 0 R
7.030698 5 5 1 R
7.072518 5 5 2 R
7.114320 5 5 3 R
7.156148 5 5 0 R
7.156149 5 5 0 R
7.201457 5 5 1 R
7.246587 5 5 2 R
7.291395 5 5 3 R
7.336555 5 5 0 R
7.336555 5 5 0 R
7.378895 5 5 1 R
7.421474 5 5 2 R
7.463398 5 5 3 R
7.506269 5 5 0 R
7.506269 5 5 0 R
7.523233 5 5 1 R
7.540230 5 5 2 R
7.557026 5 5 3 R
7.573771 5 5 0 R
7.573771 5 5 0 R
7.610534 5 5 1 R
7.646792 5 5 2 R
7.683278 5 5 3 R
7.719880 5 5 0 R
7.719880 5 5 0 R
7.760794 5 5 1 R
7.801422 5 5 2 R
7.841995 5 5 3 R
7.882660 5 5 0 R
0.000065 3 3 0 R
0.000065 3 3 0 R
5.473637 3 3 1 R
5.498786 3 3 2 R
5.523884 3 3 3 R
5.549238 3 3 0 R
5.549238 3 3 0 R
5.777540 3 3 1 R
5.802851 3 3 2 R
5.827476 3 3 3 R
5.852654 3 3 0 R
5.852655 3 3 0 R
6.068972 3 3 1 R
6.117036 3 3 2 R
6.164304 3 3 3 R
6.212381 3 3 0 R
6.212381 3 3 0 R
6.249710 3 3 1 R
6.286649 3 3 2 R
6.324041 3 3 3 R
6.361550 3 3 0 R
6.361550 3 3 0 R
6.397921 3 3 1 R
6.434568 3 3 2 R
6.470837 3 3 3 R
6.507667 3 3 0 R
6.507668 3 3 0 R
6.535272 3 3 1 R
6.563675 3 3 2 R
6.592059 3 3 3 R
6.620421 3 3 0 R
6.620421 3 3 0 R
6.648378 3 3 1 R
6.676556 3 3 2 R
6.704622 3 3 3 R
6.733207 3 3 0 R
6.733207 3 3 0 R
6.760683 3 3 1 R
6.788344 3 3 2 R
6.816515 3 3 3 R
6.843857 3 3 0 R
6.843857 3 3 0 R
6.875428 3 3 1 R
6.907561 3 3 2 R
6.939197 3 3 3 R
6.971227 3 3 0 R
6.971227 3 3 0 R
7.012369 3 3 1 R
7.053966 3 3 2 R
7.095923 3 3 3 R
7.137297 3 3 0 R
7.137297 3 3 0 R
7.186639 3 3 1 R
7.235995 3 3 2 R
7.284934 3 3 3 R
7.333353 3 3 0 R
7.333353 3 3 0 R
7.360982 3 3 1 R
7.389309 3 3 2 R
7.417268 3 3 3 R
7.445436 3 3 0 R
7.445436 3 3 0 R
7.462303 3 3 1 R
7.479727 3 3 2 R
7.496597 3 3 3 R
7.513854 3 3 0 R
7.513854 3 3 0 R
7.534839 3 3 1 R
7.555941 3 3 2 R
7.577015 3 3 3 R
7.597787 3 3 0 R
7.597787 3 3 0 R
7.646814 3 3 1 R
7.695978 3 3 2 R
7.746025 3 3 3 R
7.795075 3 3 0 R
7.795075 3 3 0 R
7.825018 3 3 1 R
7.855424 3 3 2 R
7.885918 3 3 3 R
7.916287 3 3 0 R
7.916287 3 3 0 R
7.949580 3 3 1 R
7.982896 3 3 2 R
8.016157 3 3 3 R
8.048516 3 3 0 R
0.000095 9 9 0 R
0.000096 9 9 0 R
5.473634 9 9 1 R
5.490301 9 9 2 R
5.506461 9 9 3 R
5.522785 9 9 0 R
5.522786 9 9 0 R
5.777539 9 9 1 R
5.805083 9 9 2 R
5.831671 9 9 3 R
5.858924 9 9 0 R
5.858924 9 9 0 R
6.068972 9 9 1 R
6.112140 9 9 2 R
6.155622 9 9 3 R
6.199387 9 9 0 R
6.199387 9 9 0 R
6.236132 9 9 1 R
6.247540 9 9 2 R
6.259108 9 9 3 R
6.270632 9 9 0 R
6.270632 9 9 0 R
6.358237 9 9 1 R
6.390686 9 9 2 R
6.422907 9 9 3 R
6.455423 9 9 0 R
6.455423 9 9 0 R
6.468675 9 9 1 R
6.481439 9 9 2 R
6.495142 9 9 3 R
6.508785 9 9 0 R
6.508785 9 9 0 R
6.532079 9 9 1 R
6.555144 9 9 2 R
6.578470 9 9 3 R
6.601418 9 9 0 R
6.601419 9 9 0 R
6.634981 9 9 1 R
6.669262 9 9 2 R
6.703505 9 9 3 R
6.737415 9 9 0 R
6.737415 9 9 0 R
6.748133 9 9 1 R
6.758520 9 9 2 R
6.769116 9 9 3 R
6.780013 9 9 0 R
6.780013 9 9 0 R
6.815433 9 9 1 R
6.850316 9 9 2 R
6.886014 9 9 3 R
6.921354 9 9 0 R
6.921354 9 9 0 R
6.960633 9 9 1 R
6.999870 9 9 2 R
7.038159 9 9 3 R
7.076782 9 9 0 R
7.076783 9 9 0 R
7.088402 9 9 1 R
7.100155 9 9 2 R
7.111109 9 9 3 R
7.122627 9 9 0 R
7.122627 9 9 0 R
7.157233 9 9 1 R
7.191826 9 9 2 R
7.226494 9 9 3 R
7.261020 9 9 0 R
7.261020 9 9 0 R
7.287032 9 9 1 R
7.313300 9 9 2 R
7.339851 9 9 3 R
7.366293 9 9 0 R
7.366293 9 9 0 R
7.413937 9 9 1 R
7.462304 9 9 2 R
7.510656 9 9 3 R
7.558141 9 9 0 R
7.558141 9 9 0 R
7.598905 9 9 1 R
7.640424 9 9 2 R
7.681120 9 9 3 R
7.722049 9 9 0 R
7.722049 9 9 0 R
7.759668 9 9 1 R
7.797246 9 9 2 R
7.835422 9 9 3 R
7.872700 9 9 0 R
7.872701 9 9 0 R
7.882885 9 9 1 R
7.893104 9 9 2 R
7.903588 9 9 3 R
7.914056 9 9 0 R
7.914057 9 9 0 R
7.944366 9 9 1 R
7.974502 9 9 2 R
8.004778 9 9 3 R
8.034962 9 9 0 R
8.034963 9 9 0 R
8.054870 9 9 1 R
8.074720 9 9 2 R
8.094627 9 9 3 R
8.114682 9 9 0 R
0.000119 8 8 0 R
0.000119 8 8 0 R
5.473636 8 8 1 R
5.508679 8 8 2 R
5.543684 8 8 3 R
5.578176 8 8 0 R
5.578176 8 8 0 R
5.777538 8 8 1 R
5.812521 8 8 2 R
5.847234 8 8 3 R
5.882110 8 8 0 R
5.882110 8 8 0 R
6.068971 8 8 1 R
6.085576 8 8 2 R
6.101201 8 8 3 R
6.117012 8 8 0 R
6.117012 8 8 0 R
6.236131 8 8 1 R
6.278134 8 8 2 R
6.320767 8 8 3 R
6.363777 8 8 0 R
6.363777 8 8 0 R
6.403354 8 8 1 R
6.442952 8 8 2 R
6.482560 8 8 3 R
6.522484 8 8 0 R
6.522484 8 8 0 R
6.571253 8 8 1 R
6.620443 8 8 2 R
6.669286 8 8 3 R
6.718226 8 8 0 R
6.718226 8 8 0 R
6.757395 8 8 1 R
6.796590 8 8 2 R
6.835466 8 8 3 R
6.874247 8 8 0 R
6.874247 8 8 0 R
6.886037 8 8 1 R
6.898699 8 8 2 R
6.910889 8 8 3 R
6.923547 8 8 0 R
6.923547 8 8 0 R
6.945634 8 8 1 R
6.968037 8 8 2 R
6.991018 8 8 3 R
7.013407 8 8 0 R
7.013407 8 8 0 R
7.030724 8 8 1 R
7.047628 8 8 2 R
7.065312 8 8 3 R
7.083053 8 8 0 R
7.083053 8 8 0 R
7.095944 8 8 1 R
7.108915 8 8 2 R
7.121507 8 8 3 R
7.134127 8 8 0 R
7.134127 8 8 0 R
7.184447 8 8 1 R
7.233833 8 8 2 R
7.283827 8 8 3 R
7.333331 8 8 0 R
7.333331 8 8 0 R
7.363119 8 8 1 R
7.392612 8 8 2 R
7.422560 8 8 3 R
7.451677 8 8 0 R
7.451677 8 8 0 R
7.498821 8 8 1 R
7.545688 8 8 2 R
7.592604 8 8 3 R
7.639274 8 8 0 R
7.639274 8 8 0 R
7.679997 8 8 1 R
7.720964 8 8 2 R
7.761905 8 8 3 R
7.802507 8 8 0 R
7.802508 8 8 0 R
7.839809 8 8 1 R
7.877931 8 8 2 R
7.915175 8 8 3 R
7.952824 8 8 0 R
7.952824 8 8 0 R
7.980701 8 8 1 R
8.007948 8 8 2 R
8.034935 8 8 3 R
8.062275 8 8 0 R
8.062276 8 8 0 R
8.076881 8 8 1 R
8.091352 8 8 2 R
8.106085 8 8 3 R
8.121112 8 8 0 R
0.000047 1 1 0 R
0.000047 1 1 0 R
5.473632 1 1 1 R
5.485967 1 1 2 R
5.498767 1 1 3 R
5.512007 1 1 0 R
5.512007 1 1 0 R
5.777539 1 1 1 R
5.814730 1 1 2 R
5.851529 1 1 3 R
5.888668 1 1 0 R
5.888668 1 1 0 R
6.068992 1 1 1 R
6.114789 1 1 2 R
6.160019 1 1 3 R
6.205879 1 1 0 R
6.205880 1 1 0 R
6.236133 1 1 1 R
6.253892 1 1 2 R
6.271739 1 1 3 R
6.288871 1 1 0 R
6.288871 1 1 0 R
6.358237 1 1 1 R
6.397945 1 1 2 R
6.437768 1 1 3 R
6.477319 1 1 0 R
6.477319 1 1 0 R
6.521290 1 1 1 R
6.564763 1 1 2 R
6.608658 1 1 3 R
6.652695 1 1 0 R
6.652695 1 1 0 R
6.675468 1 1 1 R
6.698287 1 1 2 R
6.720390 1 1 3 R
6.742745 1 1 0 R
6.742745 1 1 0 R
6.776705 1 1 1 R
6.810136 1 1 2 R
6.843836 1 1 3 R
6.877591 1 1 0 R
6.877591 1 1 0 R
6.888178 1 1 1 R
6.898718 1 1 2 R
6.909723 1 1 3 R
6.920236 1 1 0 R
6.920237 1 1 0 R
6.930958 1 1 1 R
6.941451 1 1 2 R
6.952151 1 1 3 R
6.962818 1 1 0 R
6.962818 1 1 0 R
6.996702 1 1 1 R
7.030697 1 1 2 R
7.065311 1 1 3 R
7.099026 1 1 0 R
7.099026 1 1 0 R
7.114301 1 1 1 R
7.128829 1 1 2 R
7.143566 1 1 3 R
7.158329 1 1 0 R
7.158329 1 1 0 R
7.183365 1 1 1 R
7.208756 1 1 2 R
7.233833 1 1 3 R
7.258819 1 1 0 R
7.258819 1 1 0 R
7.280561 1 1 1 R
7.302881 1 1 2 R
7.324875 1 1 3 R
7.347187 1 1 0 R
7.347187 1 1 0 R
7.395883 1 1 1 R
7.444309 1 1 2 R
7.493416 1 1 3 R
7.542390 1 1 0 R
7.542390 1 1 0 R
7.585401 1 1 1 R
7.628130 1 1 2 R
7.671735 1 1 3 R
7.714657 1 1 0 R
7.714658 1 1 0 R
7.755488 1 1 1 R
7.796161 1 1 2 R
7.837620 1 1 3 R
7.879050 1 1 0 R
7.879050 1 1 0 R
7.908826 1 1 1 R
7.939024 1 1 2 R
7.968215 1 1 3 R
7.998375 1 1 0 R
7.998375 1 1 0 R
8.022376 1 1 1 R
8.046392 1 1 2 R
8.070507 1 1 3 R
8.094605 1 1 0 R
8.094605 1 1 0 R
8.110353 1 1 1 R
8.125463 1 1 2 R
8.140989 1 1 3 R
8.156676 1 1 0 R
0.000057 2 2 0 R
0.000057 2 2 0 R
5.473636 2 2 1 R
5.509808 2 2 2 R
5.545778 2 2 3 R
5.582472 2 2 0 R
5.582473 2 2 0 R
5.777545 2 2 1 R
5.799496 2 2 2 R
5.821176 2 2 3 R
5.843124 2 2 0 R
5.843125 2 2 0 R
6.068970 2 2 1 R
6.104457 2 2 2 R
6.139696 2 2 3 R
6.175644 2 2 0 R
6.175645 2 2 0 R
6.236130 2 2 1 R
6.286649 2 2 2 R
6.336598 2 2 3 R
6.386484 2 2 0 R
6.386484 2 2 0 R
6.418675 2 2 1 R
6.451269 2 2 2 R
6.483691 2 2 3 R
6.515991 2 2 0 R
6.515992 2 2 0 R
6.541497 2 2 1 R
6.566924 2 2 2 R
6.592059 2 2 3 R
6.617254 2 2 0 R
6.617254 2 2 0 R
6.665103 2 2 1 R
6.712988 2 2 2 R
6.760702 2 2 3 R
6.807933 2 2 0 R
6.807933 2 2 0 R
6.849232 2 2 1 R
6.890374 2 2 2 R
6.930957 2 2 3 R
6.972293 2 2 0 R
6.972293 2 2 0 R
7.012321 2 2 1 R
7.052851 2 2 2 R
7.092727 2 2 3 R
7.133058 2 2 0 R
7.133059 2 2 0 R
7.143567 2 2 1 R
7.153947 2 2 2 R
7.164525 2 2 3 R
7.175021 2 2 0 R
7.175022 2 2 0 R
7.203580 2 2 1 R
7.232747 2 2 2 R
7.262134 2 2 3 R
7.291377 2 2 0 R
7.291377 2 2 0 R
7.302880 2 2 1 R
7.314384 2 2 2 R
7.325991 2 2 3 R
7.337666 2 2 0 R
7.337666 2 2 0 R
7.349386 2 2 1 R
7.360962 2 2 2 R
7.372564 2 2 3 R
7.384081 2 2 0 R
7.384081 2 2 0 R
7.399189 2 2 1 R
7.415108 2 2 2 R
7.430799 2 2 3 R
7.446570 2 2 0 R
7.446570 2 2 0 R
7.490233 2 2 1 R
7.533752 2 2 2 R
7.577042 2 2 3 R
7.620984 2 2 0 R
7.620984 2 2 0 R
7.664406 2 2 1 R
7.707238 2 2 2 R
7.750205 2 2 3 R
7.792980 2 2 0 R
7.792981 2 2 0 R
7.837619 2 2 1 R
7.881570 2 2 2 R
7.925702 2 2 3 R
7.970391 2 2 0 R
7.970391 2 2 0 R
7.998396 2 2 1 R
8.026584 2 2 2 R
8.054870 2 2 3 R
8.083103 2 2 0 R
8.083104 2 2 0 R
8.102903 2 2 1 R
8.122234 2 2 2 R
8.142078 2 2 3 R
8.161890 2 2 0 R
8.161890 2 2 0 R
8.196593 2 2 1 R
8.231315 2 2 2 R
8.266184 2 2 3 R
8.300783 2 2 0 R
8.300783 2 2 0 R
8.311184 2 2 1 R
8.321387 2 2 2 R
8.331827 2 2 3 R
8.341989 2 2 0 R
0.000116 6 6 0 R
0.000116 6 6 0 R
5.473633 6 6 1 R
5.486312 6 6 2 R
5.499865 6 6 3 R
5.513100 6 6 0 R
5.513101 6 6 0 R
5.777540 6 6 1 R
5.814729 6 6 2 R
5.851528 6 6 3 R
5.888666 6 6 0 R
5.888666 6 6 0 R
6.068973 6 6 1 R
6.108922 6 6 2 R
6.149363 6 6 3 R
6.190090 6 6 0 R
6.190090 6 6 0 R
6.236131 6 6 1 R
6.248625 6 6 2 R
6.261310 6 6 3 R
6.273964 6 6 0 R
6.273964 6 6 0 R
6.358238 6 6 1 R
6.401154 6 6 2 R
6.444040 6 6 3 R
6.486932 6 6 0 R
6.486932 6 6 0 R
6.527869 6 6 1 R
6.569082 6 6 2 R
6.609745 6 6 3 R
6.650538 6 6 0 R
6.650538 6 6 0 R
6.691082 6 6 1 R
6.731020 6 6 2 R
6.771343 6 6 3 R
6.811223 6 6 0 R
6.811223 6 6 0 R
6.839607 6 6 1 R
6.868876 6 6 2 R
6.897578 6 6 3 R
6.926752 6 6 0 R
6.926752 6 6 0 R
6.941432 6 6 1 R
6.956432 6 6 2 R
6.971206 6 6 3 R
6.985651 6 6 0 R
6.985652 6 6 0 R
7.035057 6 6 1 R
7.084173 6 6 2 R
7.133033 6 6 3 R
7.182268 6 6 0 R
7.182268 6 6 0 R
7.213101 6 6 1 R
7.243400 6 6 2 R
7.274374 6 6 3 R
7.305065 6 6 0 R
7.305066 6 6 0 R
7.351571 6 6 1 R
7.398074 6 6 2 R
7.444281 6 6 3 R
7.490231 6 6 0 R
7.490232 6 6 0 R
7.508468 6 6 1 R
7.526516 6 6 2 R
7.544576 6 6 3 R
7.563323 6 6 0 R
7.563324 6 6 0 R
7.604129 6 6 1 R
7.644632 6 6 2 R
7.685440 6 6 3 R
7.726263 6 6 0 R
7.726263 6 6 0 R
7.738824 6 6 1 R
7.751303 6 6 2 R
7.764064 6 6 3 R
7.776525 6 6 0 R
7.776526 6 6 0 R
7.802507 6 6 1 R
7.829191 6 6 2 R
7.855404 6 6 3 R
7.881502 6 6 0 R
7.881502 6 6 0 R
7.901425 6 6 1 R
7.921497 6 6 2 R
7.941197 6 6 3 R
7.961039 6 6 0 R
7.961039 6 6 0 R
7.994165 6 6 1 R
8.026582 6 6 2 R
8.059077 6 6 3 R
8.091351 6 6 0 R
8.091351 6 6 0 R
8.112515 6 6 1 R
8.133754 6 6 2 R
8.154504 6 6 3 R
8.176275 6 6 0 R
8.176275 6 6 0 R
8.219069 6 6 1 R
8.261977 6 6 2 R
8.304958 6 6 3 R
8.347137 6 6 0 R
8.347137 6 6 0 R
8.378718 6 6 1 R
8.410363 6 6 2 R
8.440940 6 6 3 R
8.471593 6 6 0 R
8.471593 6 6 0 R
8.485009 6 6 1 R
8.498449 6 6 2 R
8.512111 6 6 3 R
8.526573 6 6 0 R
0.000073 4 4 0 R
0.000073 4 4 0 R
0.011353 4 4 1 R
0.023043 4 4 2 R
0.034530 4 4 3 R
0.045902 4 4 0 R
0.045902 4 4 0 R
5.473631 4 4 1 R
5.499887 4 4 2 R
5.526156 4 4 3 R
5.552585 4 4 0 R
5.552585 4 4 0 R
5.777545 4 4 1 R
5.821177 4 4 2 R
5.864194 4 4 3 R
5.907641 4 4 0 R
5.907641 4 4 0 R
6.068978 4 4 1 R
6.107772 4 4 2 R
6.147158 4 4 3 R
6.185872 4 4 0 R
6.185872 4 4 0 R
6.236132 4 4 1 R
6.262421 4 4 2 R
6.288834 4 4 3 R
6.315334 4 4 0 R
6.315334 4 4 0 R
6.360395 4 4 1 R
6.405451 4 4 2 R
6.451246 4 4 3 R
6.497334 4 4 0 R
6.497334 4 4 0 R
6.543757 4 4 1 R
6.589870 4 4 2 R
6.636105 4 4 3 R
6.681856 4 4 0 R
6.681856 4 4 0 R
6.729896 4 4 1 R
6.777819 4 4 2 R
6.826017 4 4 3 R
6.874270 4 4 0 R
6.874270 4 4 0 R
6.914006 4 4 1 R
6.953265 4 4 2 R
6.993204 4 4 3 R
7.032865 4 4 0 R
7.032865 4 4 0 R
7.055052 4 4 1 R
7.077868 4 4 2 R
7.100173 4 4 3 R
7.122647 4 4 0 R
7.122647 4 4 0 R
7.137297 4 4 1 R
7.152796 4 4 2 R
7.167787 4 4 3 R
7.182267 4 4 0 R
7.182267 4 4 0 R
7.201456 4 4 1 R
7.221299 4 4 2 R
7.241212 4 4 3 R
7.261003 4 4 0 R
7.261004 4 4 0 R
7.293533 4 4 1 R
7.326011 4 4 2 R
7.358797 4 4 3 R
7.391514 4 4 0 R
7.391515 4 4 0 R
7.413958 4 4 1 R
7.437048 4 4 2 R
7.460102 4 4 3 R
7.482939 4 4 0 R
7.482940 4 4 0 R
7.524352 4 4 1 R
7.566489 4 4 2 R
7.608343 4 4 3 R
7.649959 4 4 0 R
7.649959 4 4 0 R
7.670603 4 4 1 R
7.690673 4 4 2 R
7.711454 4 4 3 R
7.731495 4 4 0 R
7.731496 4 4 0 R
7.760794 4 4 1 R
7.790821 4 4 2 R
7.820801 4 4 3 R
7.850214 4 4 0 R
7.850215 4 4 0 R
7.900309 4 4 1 R
7.950665 4 4 2 R
8.000598 4 4 3 R
8.050695 4 4 0 R
8.050695 4 4 0 R
8.092444 4 4 1 R
8.133753 4 4 2 R
8.175162 4 4 3 R
8.216904 4 4 0 R
8.216904 4 4 0 R
8.234488 4 4 1 R
8.251708 4 4 2 R
8.269346 4 4 3 R
8.287531 4 4 0 R
8.287531 4 4 0 R
8.325593 4 4 1 R
8.363419 4 4 2 R
8.401076 4 4 3 R
8.438808 4 4 0 R
8.438808 4 4 0 R
8.451198 4 4 1 R
8.463445 4 4 2 R
8.475805 4 4 3 R
8.488252 4 4 0 R
8.488252 4 4 0 R
8.499661 4 4 1 R
8.511012 4 4 2 R
8.522365 4 4 3 R
8.533796 4 4 0 R
-1 15 15 4 LocalSection;Start;ReadingRoom;Stop;EXTRA_LABEL;
