-1  35  15  15
 0.004694671  22  3  6  M
 0.033975724  22  3  5  M
 0.054730788  22  15  15  M
 0.004115462  18  14  4  I
 0.030245299  18  14  5  I
 0.051987476  18  14  4  I
 0.070579116  18  15  15  I
 0.003837513  16  0  13  G
 0.017551894  16  0  14  G
 0.055916529  16  0  13  G
 0.096054729  16  14  13  G
 0.136850497  16  14  12  G
 0.179121070  16  15  15  G
 0.003377228  13  12  6  D
 0.028546714  13  13  6  D
 0.065245112  13  12  6  D
 0.092506662  13  13  6  D
 0.136866543  13  14  6  D
 0.177544527  13  14  5  D
 0.197988105  13  14  4  D
 0.229127747  13  15  15  D
 0.003083648  11  11  2  B
 0.039869033  11  11  3  B
 0.090068902  11  11  4  B
 0.106713056  11  11  5  B
 0.119129291  11  11  6  B
 0.166729526  11  10  6  B
 0.190148680  11  11  6  B
 0.211079168  11  12  6  B
 0.237902270  11  13  6  B
 0.262084088  11  12  6  B
 0.275734942  11  13  6  B
 0.295022137  11  15  15  B
 0.004395299  20  3  14  K
 0.035187829  20  3  13  K
 0.385276172  20  3  13  k
 0.002935786  10  1  13  A
 0.022933928  10  2  13  A
 0.036102999  10  2  14  A
 0.076669524  10  2  13  A
 0.391278230  10  2  13  a
 0.003692496  15  5  14  F
 0.056450015  15  4  14  F
 0.094637928  15  4  13  F
 0.423059820  15  4  13  f
 0.004849408  23  12  2  N
 0.043321792  23  12  1  N
 0.056243790  23  12  0  N
 0.091720975  23  12  1  N
 0.122748345  23  13  1  N
 0.133491527  23  13  0  N
 0.152107132  23  12  0  N
 0.177470332  23  12  1  N
 0.199417889  23  13  1  N
 0.216803893  23  13  2  N
 0.236151827  23  13  1  N
 0.260787762  23  14  1  N
 0.309409541  23  14  2  N
 0.325576023  23  14  3  N
 0.376412098  23  0  3  N
 0.411945985  23  0  4  N
 0.425739743  23  14  4  N
 0.441140833  23  14  5  N
 0.493739334  23  15  15  N
 0.003980709  17  9  4  H
 0.031136204  17  8  4  H
 0.063612372  17  8  5  H
 0.107758251  17  8  6  H
 0.119976216  17  9  6  H
 0.137390070  17  9  7  H
 0.161624530  17  8  7  H
 0.187460822  17  8  6  H
 0.237809729  17  7  6  H
 0.267979665  17  7  5  H
 0.294748280  17  6  5  H
 0.306157895  17  6  4  H
 0.350137221  17  6  3  H
 0.403843435  17  6  4  H
 0.450765924  17  7  4  H
 0.464646916  17  8  4  H
 0.492963882  17  8  3  H
 0.534867373  17  15  15  H
 0.004522323  21  4  8  L
 0.051135547  21  3  8  L
 0.085183025  21  4  8  L
 0.104083374  21  3  8  L
 0.147908159  21  3  7  L
 0.180966440  21  3  6  L
 0.229097033  21  3  7  L
 0.272368764  21  3  8  L
 0.298950593  21  4  8  L
 0.639683412  21  4  8  l
 0.004259766  19  3  7  J
 0.033985610  19  3  6  J
 0.058061755  19  2  6  J
 0.070367292  19  3  6  J
 0.091341640  19  4  6  J
 0.132599743  19  4  7  J
 0.169355559  19  4  6  J
 0.229114679  19  3  6  J
 0.246559740  19  4  6  J
 0.294917418  19  4  7  J
 0.653397696  19  4  7  j
 0.003506130  14  4  12  E
 0.024755942  14  3  12  E
 0.040385215  14  2  12  E
 0.055172665  14  1  12  E
 0.088485144  14  1  11  E
 0.135412768  14  0  11  E
 0.173441779  14  14  11  E
 0.187995793  14  0  11  E
 0.238204508  14  14  11  E
 0.249052693  14  14  10  E
 0.286679997  14  14  9  E
 0.323953179  14  0  9  E
 0.342077804  14  1  9  E
 0.378674545  14  1  10  E
 0.425196881  14  1  11  E
 0.454862585  14  0  11  E
 0.472710454  14  0  10  E
 0.521750011  14  0  9  E
 0.533787063  14  0  8  E
 0.548769700  14  1  8  E
 0.583487682  14  2  8  E
 0.631005785  14  2  7  E
 0.665191769  14  1  7  E
 0.691463738  14  0  7  E
 0.729144824  14  0  6  E
 0.771153511  14  1  6  E
 0.803987178  14  2  6  E
 0.825726429  14  15  15  E
 0.005001114  24  11  10  O
 0.046505283  24  11  11  O
 0.090665033  24  11  12  O
 0.102046364  24  10  12  O
 0.136861968  24  10  13  O
 0.170067687  24  10  12  O
 0.215758696  24  10  11  O
 0.243014340  24  11  11  O
 0.288244248  24  11  10  O
 0.303736946  24  10  10  O
 0.339845866  24  11  10  O
 0.371058968  24  10  10  O
 0.384075993  24  10  11  O
 0.405101344  24  9  11  O
 0.440079542  24  10  11  O
 0.468273185  24  9  11  O
 0.505654733  24  9  10  O
 0.558632923  24  9  9  O
 0.607583070  24  9  8  O
 0.630713822  24  10  8  O
 0.651959043  24  10  9  O
 0.672220535  24  11  9  O
 0.694621724  24  10  9  O
 0.738004384  24  9  9  O
 0.772281283  24  8  9  O
 0.796598440  24  8  8  O
 0.838289486  24  8  7  O
 0.857649620  24  8  8  O
 0.888137318  24  8  7  O
 0.904900312  24  9  7  O
 0.922750667  24  10  7  O
 0.970335803  24  10  8  O
 0.880679529  26  8  1  1
 1.290646550  26  15  15  1
 0.003231872  12  10  4  C
 0.025549466  12  10  3  C
 0.090083900  12  11  3  C
 0.124568492  12  11  2  C
 0.170240007  12  11  3  C
 0.191730756  12  10  3  C
 0.216815895  12  9  3  C
 0.259786418  12  10  3  C
 0.306975024  12  10  4  C
 0.339947709  12  10  5  C
 0.366816148  12  11  5  C
 0.416005041  12  11  6  C
 0.427485560  12  11  5  C
 0.439414714  12  11  6  C
 0.456433512  12  10  6  C
 0.473678509  12  9  6  C
 0.499781792  12  10  6  C
 0.525008614  12  9  6  C
 0.562097519  12  10  6  C
 0.606646659  12  10  5  C
 0.640271850  12  11  5  C
 0.671657780  12  10  5  C
 0.685692615  12  10  4  C
 0.733452434  12  10  5  C
 0.768631982  12  11  5  C
 0.786113380  12  12  5  C
 0.811631094  12  12  6  C
 0.852676470  12  12  7  C
 0.869987305  12  11  7  C
 0.902924391  12  10  7  C
 0.913904612  12  10  6  C
 0.931030216  12  10  5  C
 0.978151126  12  10  6  C
 0.999659741  12  10  5  C
 1.043868503  12  9  5  C
 1.086781363  12  9  6  C
 1.135600160  12  9  7  C
 1.152986889  12  9  8  C
 1.508139079  12  9  8  c
 3.121776877  25  3  4  0
 3.321934820  25  15  15  0
 1.236330395  28  13  6  3
 3.371561742  28  15  15  3
 3.163662344  33  3  11  8
 3.764215534  33  15  15  8
 3.995258900  34  14  0  9
 4.095338529  34  15  15  9
 3.734403108  31  13  11  6
 4.234805204  31  15  15  6
 0.690147782  32  14  10  7
 4.266111810  32  15  15  7
 4.427792687  27  5  2  2
 4.728053511  27  15  15  2
 2.675528253  30  10  6  5
 4.785018420  30  15  15  5
 4.966688760  29  9  9  4
 5.066771884  29  15  15  4
 0.001589728  1  7  3  #
 0.534858807  1  7  3  h
 0.635271810  1  7  3  #
 0.002347468  6  13  5  #
 0.295013972  6  13  5  b
 0.397842618  6  13  5  #
 0.493731419  6  13  5  n
 0.596076780  6  13  5  #
 0.002068694  4  9  14  #
 0.001258413  0  2  5  #
 0.054722146  0  2  5  m
 0.157317964  0  2  5  #
 0.825718193  0  2  5  e
 0.926782098  0  2  5  #
 0.002483776  7  9  13  #
 0.002207951  5  0  12  #
 0.179112113  5  0  12  g
 0.279967015  5  0  12  #
 0.001917860  3  4  0  #
 0.002797613  9  5  7  #
 0.002630939  8  13  4  #
 0.070570794  8  13  4  i
 0.170675827  8  13  4  #
 0.229118418  8  13  4  d
 0.332049043  8  13  4  #
 0.001764349  2  4  5  #
