-1  25  15  15
 0.002786078  12  13  2  M
 0.326763794  12  13  2  m
 0.000374921  0  14  2  A
 0.351434745  0  14  2  a
 0.002385066  9  9  0  J
 0.029701394  9  9  1  J
 0.069105517  9  9  2  J
 0.085325131  9  10  2  J
 0.123764776  9  10  1  J
 0.152771004  9  10  2  J
 0.180927420  9  9  2  J
 0.207297412  9  8  2  J
 0.239871252  9  7  2  J
 0.265008713  9  6  2  J
 0.610909298  9  6  2  j
 0.002915218  13  8  2  N
 0.036795544  13  7  2  N
 0.053882051  13  7  1  N
 0.095064109  13  6  1  N
 0.126333718  13  5  1  N
 0.146734770  13  6  1  N
 0.188617768  13  7  1  N
 0.206020300  13  6  1  N
 0.226271284  13  7  1  N
 0.267212114  13  8  1  N
 0.278580191  13  7  1  N
 0.300551964  13  6  1  N
 0.633499749  13  6  1  n
 0.001977282  6  7  14  G
 0.029541588  6  8  14  G
 0.069900938  6  8  0  G
 0.119231881  6  8  14  G
 0.134402986  6  9  14  G
 0.176740387  6  8  14  G
 0.213776573  6  8  0  G
 0.238130373  6  9  0  G
 0.284663639  6  9  1  G
 0.310083907  6  9  0  G
 0.336360620  6  9  1  G
 0.355636321  6  9  2  G
 0.674596982  6  9  2  g
 0.001269603  5  12  1  F
 0.047113247  5  12  2  F
 0.061551983  5  12  3  F
 0.085756175  5  11  3  F
 0.127744322  5  11  2  F
 0.180942396  5  10  2  F
 0.221315703  5  10  3  F
 0.268845658  5  10  2  F
 0.301890358  5  9  2  F
 0.348289707  5  10  2  F
 0.697705516  5  10  2  f
 0.002650489  11  14  1  L
 0.040963763  11  0  1  L
 0.053721616  11  0  2  L
 0.071928811  11  0  3  L
 0.086329775  11  0  4  L
 0.098187727  11  0  5  L
 0.120455081  11  1  5  L
 0.139051281  11  1  6  L
 0.164550249  11  1  7  L
 0.211312743  11  1  6  L
 0.228955406  11  1  5  L
 0.278784722  11  2  5  L
 0.295823214  11  2  4  L
 0.327970158  11  2  3  L
 0.359986943  11  2  4  L
 0.393683728  11  2  3  L
 0.435490846  11  2  4  L
 0.462338651  11  2  3  L
 0.476588373  11  1  3  L
 0.491839169  11  0  3  L
 0.540051721  11  1  3  L
 0.564256429  11  0  3  L
 0.587550925  11  0  4  L
 0.600557618  11  1  4  L
 0.620149678  11  0  4  L
 0.649326663  11  0  5  L
 0.684043255  11  0  4  L
 0.717250755  11  0  5  L
 0.739261777  11  0  6  L
 0.760565826  11  14  6  L
 0.803851560  11  14  7  L
 0.836978753  11  13  7  L
 0.881451669  11  14  7  L
 0.911827129  11  14  8  L
 0.950695845  11  0  8  L
 0.981414311  11  14  8  L
 0.996743428  11  14  7  L
 1.038226252  11  14  6  L
 1.081463306  11  13  6  L
 0.003046508  14  5  13  O
 0.041032686  14  6  13  O
 0.070796771  14  6  14  O
 0.113022543  14  5  14  O
 0.128048286  14  5  13  O
 0.156353162  14  5  14  O
 0.211335638  14  4  14  O
 0.248076006  14  3  14  O
 0.264616752  14  3  13  O
 0.296831548  14  2  13  O
 0.337568127  14  1  13  O
 0.382830369  14  2  13  O
 0.425149511  14  1  13  O
 0.452207525  14  1  12  O
 0.476104798  14  1  13  O
 0.524844643  14  1  14  O
 0.566808351  14  1  0  O
 0.607388916  14  2  0  O
 0.627699716  14  1  0  O
 0.649137122  14  2  0  O
 0.665547065  14  1  0  O
 0.684542701  14  0  0  O
 0.698518631  14  14  0  O
 0.737679136  14  14  1  O
 0.786452001  14  14  0  O
 1.114518836  14  14  0  o
 0.143131865  15  2  10  0
 0.370111069  15  2  9  0
 1.130485592  15  15  15  0
 0.001112090  4  8  11  E
 0.027038541  4  9  11  E
 0.046471508  4  9  10  E
 0.085354160  4  9  11  E
 0.121039036  4  10  11  E
 0.139041369  4  10  12  E
 0.166627207  4  11  12  E
 0.188642469  4  12  12  E
 0.204824287  4  13  12  E
 0.215316155  4  13  13  E
 0.257075414  4  13  14  E
 0.283504933  4  13  0  E
 0.309270097  4  14  0  E
 0.326741509  4  14  1  E
 0.368415296  4  14  0  E
 0.401359554  4  14  14  E
 0.445737077  4  14  0  E
 0.487359536  4  14  14  E
 0.536373405  4  13  14  E
 0.581679682  4  12  14  E
 0.613550709  4  12  13  E
 0.658933096  4  12  14  E
 0.693325697  4  12  0  E
 0.726399106  4  12  1  E
 0.755156345  4  13  1  E
 0.805868828  4  14  1  E
 1.137952337  4  14  1  e
 0.000560816  1  9  7  B
 0.041529809  1  8  7  B
 0.066429716  1  7  7  B
 0.103109273  1  8  7  B
 0.123826664  1  8  8  B
 0.138360911  1  8  9  B
 0.176754380  1  8  8  B
 0.210426199  1  8  9  B
 0.251487084  1  7  9  B
 0.293442093  1  8  9  B
 0.335184678  1  9  9  B
 0.350514089  1  9  8  B
 0.387009746  1  9  7  B
 0.426159094  1  10  7  B
 0.438039056  1  10  8  B
 0.469747002  1  9  8  B
 0.513891752  1  9  9  B
 0.556484546  1  9  10  B
 0.577707508  1  9  11  B
 0.610104017  1  9  12  B
 0.663559718  1  8  12  B
 0.709703689  1  7  12  B
 0.725598756  1  8  12  B
 0.768361761  1  9  12  B
 0.786442731  1  10  12  B
 0.804315285  1  10  11  B
 0.845756363  1  10  12  B
 0.884899023  1  11  12  B
 0.924601001  1  11  11  B
 0.970779071  1  10  11  B
 0.988066691  1  9  11  B
 1.001860492  1  10  11  B
 1.022276924  1  10  12  B
 1.069469222  1  10  13  B
 1.091492348  1  10  12  B
 1.136965300  1  11  12  B
 1.149953616  1  12  12  B
 1.199376766  1  12  11  B
 1.240395298  1  12  10  B
 1.290459694  1  12  9  B
 1.303036692  1  13  9  B
 0.246952682  21  8  2  6
 1.540004421  21  15  15  6
 0.002114455  7  8  1  H
 0.036810445  7  8  2  H
 0.051223260  7  8  3  H
 0.066512621  7  9  3  H
 0.105198916  7  9  4  H
 0.151438057  7  9  5  H
 0.202448991  7  9  6  H
 0.218505121  7  9  7  H
 0.269107979  7  10  7  H
 0.307073384  7  9  7  H
 0.331218180  7  9  6  H
 0.377296989  7  8  6  H
 0.425277656  7  9  6  H
 0.440892634  7  9  5  H
 0.490270424  7  9  4  H
 0.521777767  7  9  5  H
 0.569207298  7  9  6  H
 0.618780774  7  9  5  H
 0.660505012  7  10  5  H
 0.698215089  7  11  5  H
 0.720353538  7  12  5  H
 0.753356377  7  12  6  H
 0.799794583  7  12  5  H
 0.846038297  7  12  6  H
 0.858988224  7  11  6  H
 0.878654775  7  12  6  H
 0.905866667  7  13  6  H
 0.918837551  7  14  6  H
 0.970445063  7  0  6  H
 0.986906240  7  1  6  H
 1.031053280  7  0  6  H
 1.081481382  7  14  6  H
 1.122922334  7  14  5  H
 1.175295202  7  14  4  H
 1.190937971  7  0  4  H
 1.207375659  7  1  4  H
 1.230797798  7  0  4  H
 1.260130752  7  14  4  H
 1.277346425  7  14  3  H
 1.599237409  7  14  3  h
 0.421816645  16  9  10  1
 0.556461755  16  9  11  1
 0.577685168  16  9  12  1
 0.610079435  16  9  13  1
 1.678959677  16  15  15  1
 0.000948748  3  3  1  D
 0.022197808  3  2  1  D
 0.071924858  3  3  1  D
 0.116741295  3  4  1  D
 0.131620298  3  4  0  D
 0.143287207  3  4  1  D
 0.168959603  3  4  0  D
 0.181808587  3  4  14  D
 0.211318668  3  3  14  D
 0.248064303  3  2  14  D
 0.280998882  3  2  13  D
 0.296816665  3  2  12  D
 0.319933167  3  2  11  D
 0.370141605  3  2  10  D
 0.393850271  3  1  10  D
 0.430615597  3  2  10  D
 0.469659324  3  3  10  D
 0.506531495  3  4  10  D
 0.558017839  3  3  10  D
 0.587562790  3  4  10  D
 0.623035121  3  4  11  D
 0.649128523  3  3  11  D
 0.684719599  3  3  10  D
 0.725099864  3  4  10  D
 0.767361122  3  5  10  D
 0.787729058  3  5  11  D
 0.825559659  3  4  11  D
 0.874069857  3  3  11  D
 0.892299668  3  2  11  D
 0.924411718  3  1  11  D
 0.970027758  3  0  11  D
 1.009324719  3  1  11  D
 1.026206096  3  0  11  D
 1.061267544  3  0  10  D
 1.109413699  3  0  11  D
 1.136969444  3  14  11  D
 1.212727059  3  14  10  D
 1.233074656  3  13  10  D
 1.275025545  3  13  11  D
 1.296766973  3  13  10  D
 1.331505552  3  12  10  D
 1.361910003  3  13  10  D
 1.687834802  3  13  10  d
 0.160884893  22  8  13  7
 0.316937514  22  8  14  7
 2.014213733  22  15  15  7
 0.000777853  2  13  9  C
 0.051085523  2  13  8  C
 0.070942716  2  13  7  C
 0.119008921  2  13  6  C
 0.132057281  2  13  7  C
 0.153590490  2  12  7  C
 0.202460111  2  11  7  C
 0.215121394  2  12  7  C
 0.226277577  2  13  7  C
 0.253210447  2  12  7  C
 0.280625318  2  12  6  C
 0.325077301  2  11  6  C
 0.357552667  2  11  7  C
 0.404465875  2  12  7  C
 0.424823262  2  12  6  C
 0.462673594  2  13  6  C
 0.503207085  2  12  6  C
 0.524490250  2  11  6  C
 0.573163834  2  11  7  C
 0.620154261  2  12  7  C
 0.667108768  2  12  8  C
 0.712905279  2  12  9  C
 0.754067009  2  12  8  C
 0.780685544  2  12  7  C
 0.792232681  2  11  7  C
 0.823914274  2  12  7  C
 0.842327191  2  12  8  C
 0.887762997  2  12  9  C
 0.904396059  2  12  8  C
 0.943729783  2  11  8  C
 0.988770441  2  12  8  C
 1.003453042  2  12  7  C
 1.030253046  2  12  8  C
 1.049242117  2  12  9  C
 1.091794555  2  12  10  C
 1.136994506  2  13  10  C
 1.163708951  2  14  10  C
 1.212715480  2  0  10  C
 1.233201715  2  0  11  C
 1.257984573  2  1  11  C
 1.277296840  2  0  11  C
 1.304983496  2  0  12  C
 1.337554507  2  0  11  C
 1.356167181  2  1  11  C
 1.383447983  2  1  10  C
 1.416192887  2  1  9  C
 1.448079162  2  2  9  C
 1.485112398  2  3  9  C
 1.532841435  2  2  9  C
 1.570459038  2  3  9  C
 1.584768653  2  3  8  C
 1.620862170  2  2  8  C
 1.635461475  2  3  8  C
 1.670868621  2  4  8  C
 1.685819488  2  5  8  C
 1.734347510  2  4  8  C
 1.776277819  2  4  9  C
 1.812707910  2  3  9  C
 1.862718573  2  3  10  C
 1.913690746  2  3  11  C
 1.963280632  2  3  12  C
 2.012620021  2  2  12  C
 2.025137346  2  3  12  C
 2.072643067  2  4  12  C
 2.098251197  2  3  12  C
 2.119949073  2  2  12  C
 2.171142116  2  2  11  C
 0.002518017  10  4  5  K
 0.049847473  10  4  4  K
 0.086187610  10  5  4  K
 0.133327249  10  4  4  K
 0.173460900  10  4  5  K
 0.213776879  10  3  5  K
 0.226787410  10  4  5  K
 0.257050457  10  4  6  K
 0.292481467  10  4  7  K
 0.340060168  10  4  6  K
 0.360013049  10  4  7  K
 0.387420960  10  4  8  K
 0.400466912  10  5  8  K
 0.442639992  10  5  9  K
 0.468265575  10  4  9  K
 0.498650682  10  3  9  K
 0.538232485  10  3  10  K
 0.558001303  10  3  11  K
 0.577654028  10  2  11  K
 0.624639361  10  2  12  K
 0.653839258  10  2  13  K
 0.696143694  10  3  13  K
 0.722172198  10  3  12  K
 0.737162302  10  3  13  K
 0.756344779  10  3  14  K
 0.804178666  10  4  14  K
 0.836978881  10  5  14  K
 0.890809191  10  5  13  K
 0.938203361  10  5  14  K
 0.956102200  10  4  14  K
 0.986369541  10  4  0  K
 0.999388650  10  3  0  K
 1.034474615  10  3  14  K
 1.046236314  10  3  0  K
 1.082305095  10  3  1  K
 1.122921450  10  4  1  K
 1.140080922  10  4  0  K
 1.183336048  10  4  1  K
 1.228282799  10  4  2  K
 1.277135072  10  4  1  K
 1.313823202  10  3  1  K
 1.365134533  10  4  1  K
 1.397738549  10  3  1  K
 1.445314167  10  2  1  K
 1.490802648  10  2  0  K
 1.544564808  10  2  1  K
 1.560574092  10  3  1  K
 1.598096013  10  3  2  K
 1.620703528  10  3  1  K
 1.674827184  10  4  1  K
 1.703447262  10  4  0  K
 1.730805769  10  4  1  K
 1.778188415  10  4  2  K
 1.819569652  10  4  1  K
 1.852166452  10  4  2  K
 1.906400921  10  5  2  K
 1.923182854  10  5  1  K
 1.963550017  10  5  2  K
 2.303437010  10  5  2  k
 0.236248294  20  12  0  5
 0.693300138  20  12  1  5
 0.726374003  20  12  2  5
 3.186024954  20  15  15  5
 0.002254027  8  10  14  I
 0.046466209  8  10  13  I
 0.085337873  8  10  12  I
 0.134141894  8  9  12  I
 0.166852975  8  10  12  I
 0.196922828  8  10  13  I
 0.247846996  8  10  12  I
 0.268459603  8  9  12  I
 0.280980069  8  8  12  I
 0.316963855  8  8  13  I
 0.334502853  8  8  12  I
 0.373669251  8  9  12  I
 0.422567762  8  9  11  I
 0.458990252  8  9  12  I
 0.498197008  8  9  11  I
 0.532460057  8  8  11  I
 0.553194857  8  8  12  I
 0.571640576  8  8  11  I
 0.618665603  8  8  12  I
 0.663545374  8  8  11  I
 0.677182997  8  7  11  I
 0.700980911  8  8  11  I
 0.722317815  8  7  11  I
 0.735179899  8  6  11  I
 0.773229152  8  6  12  I
 0.812202135  8  5  12  I
 0.857335477  8  5  13  I
 0.890790172  8  6  13  I
 0.924183676  8  7  13  I
 0.947713139  8  7  12  I
 0.989132758  8  6  12  I
 1.000513068  8  7  12  I
 1.035694971  8  8  12  I
 1.075934993  8  9  12  I
 1.115413074  8  9  11  I
 1.161953883  8  8  11  I
 1.209754990  8  7  11  I
 1.248137582  8  7  12  I
 1.290398202  8  7  13  I
 1.317788497  8  6  13  I
 1.361901360  8  6  14  I
 1.398987631  8  5  14  I
 1.444146570  8  4  14  I
 1.472490085  8  3  14  I
 1.522863088  8  4  14  I
 1.539509946  8  4  13  I
 1.557777019  8  5  13  I
 1.606703544  8  6  13  I
 1.625879561  8  6  14  I
 1.663656467  8  6  0  I
 1.678475033  8  6  14  I
 1.701553438  8  6  13  I
 1.750273291  8  6  12  I
 1.799519773  8  7  12  I
 1.846584305  8  8  12  I
 1.865667108  8  8  13  I
 1.890308411  8  7  13  I
 1.932102252  8  6  13  I
 1.982227521  8  6  12  I
 1.996943858  8  7  12  I
 2.028520503  8  7  13  I
 2.048750660  8  6  13  I
 2.082472832  8  5  13  I
 2.131671434  8  4  13  I
 2.149639132  8  4  14  I
 2.177878114  8  4  0  I
 2.196062996  8  4  1  I
 2.235786906  8  3  1  I
 2.253892417  8  4  1  I
 2.280289305  8  4  2  I
 2.318888073  8  4  3  I
 2.370738280  8  4  2  I
 2.385445062  8  4  1  I
 2.424108607  8  4  2  I
 2.470660324  8  3  2  I
 2.482097446  8  4  2  I
 2.507293937  8  3  2  I
 2.522552113  8  2  2  I
 2.568539565  8  3  2  I
 2.610127433  8  2  2  I
 2.640365447  8  2  1  I
 2.653968966  8  2  0  I
 2.683636627  8  2  1  I
 2.733837829  8  2  0  I
 2.786311533  8  2  14  I
 2.837344470  8  1  14  I
 2.883479232  8  1  0  I
 2.907901357  8  1  1  I
 2.925690911  8  0  1  I
 2.977203037  8  1  1  I
 2.993970429  8  2  1  I
 3.031288351  8  3  1  I
 3.066335773  8  4  1  I
 3.098116321  8  4  0  I
 3.131937550  8  5  0  I
 3.170897096  8  4  0  I
 3.216265139  8  3  0  I
 3.230705112  8  2  0  I
 3.257729216  8  2  1  I
 3.311747653  8  3  1  I
 0.322669858  19  3  4  4
 3.358076914  19  15  15  4
 0.487144749  17  5  0  2
 3.131910402  17  5  14  2
 4.266210205  17  15  15  2
 0.194181712  24  12  11  9
 1.199358550  24  12  10  9
 1.240374033  24  12  9  9
 1.290436452  24  12  8  9
 4.278784201  24  15  15  9
 0.154892414  23  3  7  8
 4.496540863  23  15  15  8
 0.015270616  18  13  5  3
 4.548820923  18  15  15  3
