-1 15 15 15
1746806355452183393 2 3 11 C
1746806355453439568 9 12 1 J
1746806355454466952 4 13 10 E
1746806355455656223 6 14 7 G
1746806355459053285 3 11 9 D
1746806355465327833 7 14 6 H
1746806355465349042 0 11 4 A
1746806355465368086 8 11 5 I
1746806355477751218 5 3 12 F
1746806355478858516 2 4 11 C
1746806355482032082 12 2 7 M
1746806355484202580 8 12 5 I
1746806355484231791 14 10 0 O
1746806355484253584 1 2 13 B
1746806355487456172 4 13 9 E
1746806355487476673 11 13 10 L
1746806355493577833 3 12 9 D
1746806355494696029 12 3 7 M
1746806355494715161 9 11 1 J
1746806355496880024 5 4 12 F
1746806355497975659 7 14 5 H
1746806355497995039 6 14 6 G
1746806355498019365 0 12 4 A
1746806355506245784 13 1 8 N
1746806355509433550 2 5 11 C
1746806355513781555 12 3 8 M
1746806355514867260 8 11 5 I
1746806355514887388 11 13 11 L
1746806355518054005 14 10 14 O
1746806355518076394 6 14 7 G
1746806355523223853 4 14 9 E
1746806355525397441 3 13 9 D
1746806355525417559 10 12 9 K
1746806355526510204 1 1 13 B
1746806355528687545 0 11 4 A
1746806355528710369 9 11 0 J
1746806355533860130 14 10 0 O
1746806355539068068 7 14 4 H
1746806355543277440 13 1 9 N
1746806355544385091 5 4 13 F
1746806355545494004 8 12 5 I
1746806355546600332 0 11 3 A
1746806355548787935 14 10 1 O
1746806355549892819 4 14 8 E
1746806355552074899 9 12 0 J
1746806355554243923 2 5 10 C
1746806355554266221 12 4 8 M
1746806355558491403 13 2 9 N
1746806355559602073 11 13 10 L
1746806355559622797 6 14 6 G
1746806355561711369 14 10 0 O
1746806355564903354 12 3 8 M
1746806355568092734 1 0 13 B
1746806355573307831 10 12 8 K
1746806355573320937 2 4 10 C
1746806355573332866 3 12 9 D
1746806355574408231 9 13 0 J
1746806355577544497 12 3 7 M
1746806355583752745 0 11 4 A
1746806355584859255 7 13 4 H
1746806355585973430 6 13 6 G
1746806355585994537 9 13 14 J
1746806355587076900 5 4 14 F
1746806355588185056 14 10 14 O
1746806355590356735 8 12 4 I
1746806355597580140 13 2 8 N
1746806355597602923 11 13 11 L
1746806355598690396 4 13 8 E
1746806355599790211 12 3 8 M
1746806355600884785 14 10 13 O
1746806355607096922 3 12 10 D
1746806355607118615 8 12 5 I
1746806355608199141 1 0 14 B
1746806355611387036 5 4 13 F
1746806355611407861 11 14 11 L
1746806355612483913 4 14 8 E
1746806355613585889 0 12 4 A
1746806355615769867 10 13 8 K
1746806355615791742 9 13 0 J
1746806355618950461 14 9 13 O
1746806355620159705 2 3 10 C
1746806355625360260 7 13 3 H
1746806355628550347 10 13 7 K
1746806355630733002 4 0 8 E
1746806355633923382 13 2 9 N
1746806355633944540 12 2 8 M
1746806355633996140 6 12 6 G
1746806355638181870 1 14 14 B
1746806355642382599 10 13 6 K
1746806355645575068 13 2 10 N
1746806355645595670 11 0 11 L
1746806355646675055 9 13 1 J
1746806355648844654 3 12 9 D
1746806355652148663 12 2 9 M
1746806355654335398 5 4 12 F
1746806355654362968 14 9 12 O
1746806355655432972 10 13 7 K
1746806355664873032 4 1 8 E
1746806355670247248 11 0 12 L
1746806355675481549 1 14 0 B
1746806355675522600 7 14 3 H
1746806355679677713 4 2 8 E
1746806355681862379 6 11 6 G
1746806355681882587 8 12 6 I
1746806355681892331 0 12 5 A
1746806355685048093 10 14 7 K
1746806355687351208 3 12 10 D
1746806355688466399 9 13 2 J
1746806355690650822 14 9 13 O
1746806355693845492 11 0 11 L
1746806355696025725 7 13 3 H
1746806355698208784 8 12 7 I
1746806355698229598 0 12 4 A
1746806355701389802 5 4 11 F
1746806355702503269 4 1 8 E
1746806355711738921 1 14 14 B
1746806355716950343 4 2 8 E
1746806355716972066 10 0 7 K
1746806355721149981 11 1 11 L
1746806355723331365 7 13 4 H
1746806355723353330 9 13 3 J
1746806355725506195 14 9 12 O
1746806355727689355 0 12 3 A
1746806355727711270 6 12 6 G
1746806355728876565 5 3 11 F
1746806355729983691 4 2 7 E
1746806355734170636 3 11 10 D
1746806355741334756 10 0 8 K
1746806355744526448 1 14 0 B
1746806355751783056 14 10 12 O
1746806355758201930 0 12 4 A
1746806355758220887 9 12 3 J
1746806355758230288 7 13 3 H
1746806355759304411 11 2 11 L
1746806355769633374 9 11 3 J
1746806355770744347 4 1 7 E
1746806355770767070 14 9 12 O
1746806355770778309 6 12 5 G
1746806355770782560 8 12 6 I
1746806355771904234 10 1 8 K
1746806355779130507 1 14 1 B
1746806355782257786 3 10 10 D
1746806355785395889 7 13 2 H
1746806355793662409 14 10 12 O
1746806355799002276 10 1 9 K
1746806355801153272 0 11 4 A
1746806355809572917 3 10 9 D
1746806355812760529 8 12 7 I
1746806355812781641 6 12 6 G
1746806355815954460 7 12 2 H
1746806355815975780 4 1 8 E
1746806355817046349 9 12 3 J
1746806355818140509 1 0 1 B
1746806355829329215 6 12 5 G
1746806355830438279 1 0 0 B
1746806355840736092 10 1 10 K
1746806355841837048 14 10 11 O
1746806355841844631 0 10 4 A
1746806355842931329 8 12 8 I
1746806355854129090 10 1 11 K
1746806355855493480 9 12 4 J
1746806355858730016 3 11 9 D
1746806355858748986 0 10 3 A
1746806355860919851 4 1 7 E
1746806355864098828 7 11 2 H
1746806355864108451 14 10 12 O
1746806355864119127 1 0 14 B
1746806355867283452 6 12 6 G
1746806355873499113 8 11 8 I
1746806355874599089 3 11 10 D
1746806355881813244 1 0 13 B
1746806355889040980 6 12 5 G
1746806355891234662 4 2 7 E
1746806355893416762 10 0 11 K
1746806355902656058 4 2 8 E
1746806355904839975 9 11 4 J
1746806355905938356 14 10 11 O
1746806355907032920 0 9 3 A
1746806355910220805 7 11 1 H
1746806355911330011 6 12 4 G
1746806355914537082 1 14 13 B
1746806355914542639 2 3 10 c
1746806355917731976 13 2 10 n
1746806355919961445 0 8 3 A
1746806355919996113 8 10 8 I
1746806355921160652 12 2 9 m
1746806355922284742 6 12 5 G
1746806355922304001 3 12 10 D
1746806355927488266 9 10 4 J
1746806355927498293 10 0 10 K
1746806355932802269 8 9 8 I
1746806355932826345 6 13 5 G
1746806355936998030 1 14 14 B
1746806355942219175 14 9 11 O
1746806355944405658 10 1 10 K
1746806355947603257 6 13 4 G
1746806355947620577 9 10 3 J
1746806355949788952 8 8 8 I
1746806355951975586 3 12 11 D
1746806355953083105 1 0 14 B
1746806355958278803 6 12 4 G
1746806355958299527 7 11 2 H
1746806355959376467 10 1 11 K
1746806355966537275 0 8 2 A
1746806355969748244 8 8 9 I
1746806355972941664 1 0 13 B
1746806355975121421 10 1 10 K
1746806355976230305 9 10 4 J
1746806355986481839 1 0 14 B
1746806355986530887 14 9 12 O
1746806355992814341 3 12 10 D
1746806355993927859 9 11 4 J
1746806355998124628 6 13 4 G
1746806356003345803 7 11 3 H
1746806356003372576 8 7 9 I
1746806356013536224 5 3 11 f
1746806356015671650 0 7 2 A
1746806356016791989 8 6 9 I
1746806356016801513 10 1 11 K
1746806356031088047 8 6 8 I
1746806356031109421 0 7 3 A
1746806356032183701 9 10 4 J
1746806356034355820 14 10 12 O
1746806356035462170 6 14 4 G
1746806356036563986 1 1 14 B
1746806356038741235 7 11 4 H
1746806356041930997 3 12 11 D
1746806356047144944 0 7 2 A
1746806356048248689 1 2 14 B
1746806356053405056 11 2 11 l
1746806356054519516 3 12 12 D
1746806356059736817 0 8 2 A
1746806356062937480 14 11 12 O
1746806356067141046 8 6 9 I
1746806356072348526 6 0 4 G
1746806356073704652 9 9 4 J
1746806356077919527 7 11 5 H
1746806356083119192 0 8 1 A
1746806356096396609 3 12 13 D
1746806356100602438 14 11 13 O
1746806356101703849 9 9 3 J
1746806356102799554 6 0 3 G
1746806356103902845 7 11 6 H
1746806356107083739 0 9 1 A
1746806356111294042 8 7 9 I
1746806356114493520 9 9 2 J
1746806356116666448 14 10 13 O
1746806356118786623 0 9 0 A
1746806356126016160 8 7 10 I
1746806356143316607 7 10 6 H
1746806356145507472 8 7 11 I
1746806356145531765 14 10 12 O
1746806356147687923 6 14 3 G
1746806356156878190 14 9 12 O
1746806356165107287 9 9 1 J
1746806356168304119 0 8 0 A
1746806356169399774 14 10 12 O
1746806356177659962 7 10 7 H
1746806356178747850 6 13 3 G
1746806356179848777 8 8 11 I
1746806356188079403 0 8 1 A
1746806356191318331 14 10 11 O
1746806356191344392 7 10 8 H
1746806356196519966 9 9 0 J
1746806356199717344 4 2 8 e
1746806356205944175 6 13 4 G
1746806356225273544 8 7 11 I
1746806356226382692 14 9 11 O
1746806356227492709 7 10 7 H
1746806356231693063 0 8 2 A
1746806356235892953 9 9 1 J
1746806356245135717 8 6 11 I
1746806356247315735 6 14 4 G
1746806356264624141 14 9 12 O
1746806356270838015 7 9 7 H
1746806356271947648 0 7 2 A
1746806356278161410 9 9 0 J
1746806356278185330 6 13 4 G
1746806356282359804 10 1 11 k
1746806356282372298 8 6 10 I
1746806356290606732 0 7 3 A
1746806356303807989 6 12 4 G
1746806356304901631 9 10 0 J
1746806356306010557 0 7 2 A
1746806356306033164 7 9 6 H
1746806356313235529 14 8 12 O
1746806356320465197 9 11 0 J
1746806356321572144 0 7 1 A
1746806356330822533 8 6 9 I
1746806356341003521 9 11 1 J
1746806356342101004 7 9 5 H
1746806356344217796 6 13 4 G
1746806356357498005 8 6 10 I
1746806356361699481 14 9 12 O
1746806356369955235 0 6 1 A
1746806356372135421 9 11 0 J
1746806356377336763 7 9 4 H
1746806356384590564 6 12 4 G
1746806356394834171 0 7 1 A
1746806356404067500 14 9 13 O
1746806356404171351 8 6 9 I
1746806356405301506 0 7 0 A
1746806356407466412 6 12 5 G
1746806356413685335 7 8 4 H
1746806356420924508 14 9 14 O
1746806356422026273 9 10 0 J
1746806356424190383 6 13 5 G
1746806356430432015 8 5 9 I
1746806356441856635 6 12 5 G
1746806356448078899 9 11 0 J
1746806356448092231 0 6 0 A
1746806356448110929 14 10 14 O
1746806356453299108 8 5 10 I
1746806356457497845 7 8 3 H
1746806356460701161 9 10 0 J
1746806356464906768 6 11 5 G
1746806356473136990 14 9 14 O
1746806356476269313 7 8 4 H
1746806356492502073 7 7 4 H
1746806356494622288 0 6 14 A
1746806356497817524 9 9 0 J
1746806356501984933 14 9 13 O
1746806356503095606 8 6 10 I
1746806356506287338 6 10 5 G
1746806356511630554 0 6 0 A
1746806356521882012 7 7 3 H
1746806356532153051 9 10 0 J
1746806356534326969 14 9 12 O
1746806356541491997 6 11 5 G
1746806356547729455 7 8 3 H
1746806356552939392 8 6 11 I
1746806356554038390 9 11 0 J
1746806356561261726 0 6 14 A
1746806356567486134 6 11 4 G
1746806356571695842 9 11 1 J
1746806356579932588 7 8 2 H
1746806356584127276 14 10 12 O
1746806356588327024 9 11 0 J
1746806356594560208 0 6 0 A
1746806356600775345 8 7 11 I
1746806356602965391 6 11 3 G
1746806356607101541 0 6 1 A
1746806356615352589 14 11 12 O
1746806356615378609 9 12 0 J
1746806356625600865 7 9 2 H
1746806356627793874 14 11 11 O
1746806356629985473 6 11 4 G
1746806356648304582 0 5 1 A
1746806356650485740 8 6 11 I
1746806356653621739 9 11 0 J
1746806356662859221 7 8 2 H
1746806356667099915 9 11 14 J
1746806356669278499 6 11 5 G
1746806356672485080 14 12 11 O
1746806356688790981 8 7 11 I
1746806356694031147 0 4 1 A
1746806356706331393 7 7 2 H
1746806356707415827 14 11 11 O
1746806356711550036 9 12 14 J
1746806356715694275 6 11 4 G
1746806356719930858 14 11 10 O
1746806356730181306 7 7 3 H
1746806356731281708 0 4 0 A
1746806356732387947 14 11 9 O
1746806356735575982 8 6 11 I
1746806356739778437 6 11 5 G
1746806356753054008 14 12 9 O
1746806356753081694 7 7 4 H
1746806356755229470 8 6 10 I
1746806356759444591 9 11 14 J
1746806356776689386 0 3 0 A
1746806356778890634 6 11 6 G
1746806356783094765 14 11 9 O
1746806356793350142 6 10 6 G
1746806356794460118 7 6 4 H
1746806356797659670 8 5 10 I
1746806356802855454 14 10 9 O
1746806356814070227 14 10 8 O
1746806356816246093 0 4 0 A
1746806356818438453 6 11 6 G
1746806356824650863 8 6 10 I
1746806356826829274 14 9 8 O
1746806356838095828 0 4 14 A
1746806356841294669 7 6 5 H
1746806356853562889 6 11 5 G
1746806356868859058 14 9 7 O
1746806356868882998 0 3 14 A
1746806356871040682 6 11 6 G
1746806356874230757 8 7 10 I
1746806356881458789 7 6 6 H
1746806356887682975 8 7 9 I
1746806356893914184 7 6 5 H
1746806356904099269 0 3 13 A
1746806356906311051 14 9 8 O
1746806356913538316 7 5 5 H
1746806356917739378 6 12 6 G
1746806356926987767 8 8 9 I
1746806356931136743 7 4 5 H
1746806356935340999 14 9 7 O
1746806356944574296 7 5 5 H
1746806356947772573 0 4 13 A
1746806356948872937 6 11 6 G
1746806356965309573 8 8 10 I
1746806356971460794 0 4 14 A
1746806356982714714 14 10 7 O
1746806356982736190 8 8 9 I
1746806356988928841 7 5 4 H
1746806356995078954 14 10 8 O
1746806356998207782 6 12 6 G
1746806357000403655 8 7 9 I
1746806357005604232 7 6 4 H
1746806357011847207 0 3 14 A
1746806357023122431 0 4 14 A
1746806357028329487 6 13 6 G
1746806357030492547 14 10 7 O
1746806357041765089 8 7 8 I
1746806357042884644 7 6 3 H
1746806357043995603 6 14 6 G
1746806357047196801 0 3 14 A
1746806357049401474 14 10 8 O
1746806357059640207 8 8 8 I
1746806357065031067 0 3 0 A
1746806357069067613 14 10 9 O
1746806357079252299 6 13 6 G
1746806357091522802 7 5 3 H
1746806357101780060 14 11 9 O
1746806357102890959 8 8 7 I
1746806357113143137 0 4 0 A
1746806357115479411 8 9 7 I
1746806357116586327 6 14 6 G
1746806357116608675 14 10 9 O
1746806357127845009 0 4 1 A
1746806357134066582 14 11 9 O
1746806357139282235 0 3 1 A
1746806357140395982 8 10 7 I
1746806357141493708 7 5 4 H
1746806357145701572 6 0 6 G
1746806357146827011 14 12 9 O
1746806357160029725 6 0 5 G
1746806357178369985 14 12 8 O
1746806357185602215 8 11 7 I
1746806357185613711 0 2 1 A
1746806357186718356 6 0 4 G
1746806357189941186 7 5 3 H
1746806357203155690 0 1 1 A
1746806357219411692 0 1 2 A
1746806357223623687 8 11 6 I
1746806357228839845 14 13 8 O
1746806357234177915 7 6 3 H
1746806357237362412 8 10 6 I
1746806357244532737 14 13 9 O
1746806357259923140 0 0 2 A
1746806357259950110 14 12 9 O
1746806357272212711 8 9 6 I
1746806357278435223 14 13 9 O
1746806357279537938 7 7 3 H
1746806357292810208 14 13 10 O
1746806357294937228 7 7 4 H
1746806357299189379 0 0 1 A
1746806357309435953 8 8 6 I
1746806357312687314 14 13 9 O
1746806357322914562 8 9 6 I
1746806357335180425 0 14 1 A
1746806357343349841 7 7 3 H
1746806357349570372 14 13 10 O
1746806357362861151 0 14 2 A
1746806357370079162 8 8 6 I
1746806357380369033 7 7 2 H
1746806357385589481 14 13 9 O
1746806357391842655 7 7 1 H
1746806357395028485 0 14 3 A
1746806357416366997 8 8 5 I
1746806357418548396 7 8 1 H
1746806357420727026 14 13 8 O
1746806357429976620 0 14 4 A
1746806357432194517 7 8 0 H
1746806357448494038 7 7 0 H
1746806357451706726 8 8 4 I
1746806357453908091 14 12 8 O
1746806357477437803 7 6 0 H
1746806357478547407 8 7 4 I
1746806357484753180 14 12 7 O
1746806357496018359 7 6 1 H
1746806357505267638 14 13 7 O
1746806357515524251 8 7 3 I
1746806357526713038 14 12 7 O
1746806357536977995 7 7 1 H
1746806357542182283 8 7 2 I
1746806357569539055 14 13 7 O
1746806357577805357 7 6 1 H
1746806357585041465 8 6 2 I
1746806357595293682 14 13 6 O
1746806357621851474 7 5 1 H
1746806357621882743 8 6 1 I
1746806357626057631 14 12 6 O
1746806357648410911 7 5 2 H
1746806357652622352 8 7 1 I
1746806357666847304 7 6 2 H
1746806357689215878 8 7 2 I
1746806357696457240 7 5 2 H
1746806357723854268 0 14 4 a
1746806357729095239 8 7 3 I
1746806357739338808 7 4 2 H
1746806357741518408 8 7 4 I
1746806357769928085 8 7 3 I
1746806357780206538 7 3 2 H
1746806357786388662 8 7 2 I
1746806357794643983 7 3 3 H
1746806357811900257 7 3 2 H
1746806357825195782 8 7 3 I
1746806357825217640 7 3 1 H
1746806357844490389 8 8 3 I
1746806357856754576 7 4 1 H
1746806357867018291 8 8 2 I
1746806357893407724 8 7 2 I
1746806357899633256 7 4 2 H
1746806357911841096 7 3 2 H
1746806357919076284 8 6 2 I
1746806357948438641 7 4 2 H
1746806357955929139 8 5 2 I
1746806357991543814 7 4 1 H
1746806357991556270 8 4 2 I
1746806358006848498 7 5 1 H
1746806358017160236 8 4 3 I
1746806358037500217 7 5 2 H
1746806358055826518 8 5 3 I
wait group stopped waiting
1746806358336348284 7 5 2 h
exiting for loop
